2.801800298283106672e-03 1.809967486799252123e-02 1.470348916481945900e-03 1.604247694021690152e-01 1.572772212927580349e-01 1.050598288568310168e-01
1.192730248060549017e-02 1.985894277376579892e-02 4.961629882099568255e-03 1.746098806473275478e-01 2.038252544668695265e-01 9.978770446528535676e-02
5.394533105172866043e-03 3.653724732463539595e-03 9.299773302145653009e-02 1.874340415557343154e-01 1.825652933668186761e-01 1.487862121159723716e-01
4.185735531492772860e-03 2.867606766062938753e-03 2.110769745738364910e-03 1.775625206588767324e-01 1.719284539653708477e-01 9.912354320121605222e-02
4.471797685637351159e-03 1.743572352170690010e-02 2.008250661939426501e-03 1.898644826271455588e-01 1.727266850058800096e-01 1.093342546094293599e-01
4.781590350863262548e-03 3.369090157517285172e-03 1.590388878131685727e-03 1.804946529597906413e-01 1.658681468226807232e-01 1.054923415682113008e-01
1.139988068625317867e-02 4.597420658236958668e-02 4.838154412627348848e-03 1.752374802881448423e-01 2.407337527193714743e-01 9.009997447869008691e-02
2.644411533572292410e-03 1.946259629482590282e-03 1.008149009892295818e-03 1.804919417309927554e-01 1.754478220417381440e-01 1.051805807415412686e-01
1.136616524811072046e-02 1.972522003478748703e-02 4.817343001373819433e-03 1.749470774569529818e-01 1.828239211601846159e-01 1.028271260251960029e-01
1.157004635838728215e-02 6.661741583877443459e-03 4.997185931736565848e-03 1.765404351915589587e-01 1.496201920862909596e-01 1.022814397626213845e-01
