9.475787868129313951e-01 9.621492455006027678e-01 9.429991465913941662e-01
9.375101499796207882e-01 9.420608609503998698e-01 9.545631505166378705e-01
9.204527064227966404e-01 9.446244410608997111e-01 8.968660164859960648e-01
9.365830718412415656e-01 9.551104507487125916e-01 9.551891135035219804e-01
9.228491257988150620e-01 9.519306388591433077e-01 9.421720376477957792e-01
9.350186637872451856e-01 9.564733483757467125e-01 9.462512376955759530e-01
9.425660761122445219e-01 9.165155366193642461e-01 9.615159765805734171e-01
9.321001958917279895e-01 9.528491686043459863e-01 9.505875501100893299e-01
9.357711880251421421e-01 9.500850128588289589e-01 9.413316678177963137e-01
9.407108668736605672e-01 9.646133944660510995e-01 9.491922843527956788e-01
