5.935750912020497372e-02 5.252280979693427221e-02 5.114293514875831864e-02 1.513452120584893867e-01 1.033387353986934820e-01 8.362197359104929506e-02
5.506145365426065585e-02 5.464982747640680094e-02 5.106513978004530163e-02 1.554457517085326701e-01 1.125028523112079765e-01 8.365515160853578824e-02
5.114799088978408403e-02 5.250991627994593819e-02 5.083868951242388745e-02 1.644511265759369678e-01 1.120299672730757645e-01 8.188853994047411156e-02
5.521579613379318241e-02 4.953861160536097985e-02 5.154108345806264480e-02 1.628170792615662443e-01 1.283346733463577583e-01 6.547617328363922184e-02
5.667549585166180293e-02 5.319004596967209786e-02 4.983908878831266875e-02 1.303888253826965549e-01 8.935545324654703414e-02 7.273539099069745162e-02
5.734659809743116593e-02 5.404268723607519309e-02 4.911464250459887659e-02 1.567177142478462515e-01 9.223749901691494224e-02 8.410187809177030460e-02
5.642102560491190494e-02 4.881904241427584279e-02 4.801447560530491127e-02 1.642454525476563232e-01 1.105839677236845064e-01 8.381691860219470103e-02
5.568747944277806922e-02 5.424725398529265524e-02 4.494123627181742520e-02 1.562228889293057199e-01 1.055297246268883105e-01 8.384949091901004736e-02
5.527728220104717594e-02 5.516426712379836339e-02 5.169520822640922414e-02 1.463120468990287970e-01 1.165212335534764054e-01 7.952355178708528372e-02
5.671138456094522440e-02 5.163465657774431172e-02 5.250926654001961819e-02 1.461910076360874167e-01 1.114452521710201788e-01 7.881679826449786153e-02
6.000876071651890103e-02 5.281932468938722869e-02 5.141171345586621755e-02 1.237801259240252638e-01 1.001309353699050830e-01 7.359342128026025165e-02
5.325554466749272270e-02 5.163809516850195735e-02 4.823064232153963238e-02 1.597899023517143635e-01 1.131762715110137679e-01 7.286743260507576314e-02
5.765010779660315055e-02 5.457933108777126424e-02 5.120274435376775263e-02 1.496945216158409309e-01 1.039638617180333596e-01 7.403780046094726730e-02
5.734352975349241155e-02 5.436165473860819081e-02 4.887074826839955116e-02 1.445024577879364114e-01 9.668339526173334864e-02 7.936615155902794483e-02
5.545318891121216870e-02 4.805661457821475135e-02 5.140933017785310338e-02 1.547961034490629717e-01 1.177575014952810806e-01 8.142805476628962869e-02
5.772968484963186819e-02 5.009513395205944519e-02 4.897701832860102550e-02 1.751985081463217631e-01 1.179900960558237372e-01 9.759308013546257043e-02
5.653561276847097333e-02 5.091055100170797237e-02 4.966850720265963970e-02 1.614067737382736401e-01 1.183313195252786859e-01 8.220435384990197603e-02
5.312860766104321453e-02 4.591867605022705717e-02 5.144335096239773669e-02 1.762768913811125771e-01 1.270056635503383768e-01 8.521476541390866910e-02
5.441982566772898822e-02 4.901497481599838280e-02 5.198686302161750761e-02 1.361776504557257184e-01 1.001167253107548838e-01 7.857352807854842136e-02
5.618917930376890468e-02 5.392991949764437687e-02 5.185128218473275541e-02 1.618624480325541737e-01 1.172074662396558609e-01 8.462711784711045293e-02
