6.810779385391572960e-02 3.763978302970031470e-02 5.191156004469090618e-02 1.393371979485646395e-01 6.453249410193021007e-02 6.851550798584934987e-02
4.671319199711605752e-02 4.157044410189493500e-02 5.173687848746759410e-02 8.537993090189428813e-02 5.491209180920916116e-02 6.710114721656926240e-02
4.776694528678946533e-02 3.938169894058812792e-02 5.351517893480362692e-02 9.884032159380312654e-02 5.609480497432578483e-02 6.098130952604879917e-02
4.651296139976882071e-02 4.080838434926471053e-02 5.264895464310001549e-02 9.383847194121729129e-02 5.660603809264603409e-02 6.230169731412375789e-02
4.294237733112190453e-02 4.111691320297333058e-02 5.299839371946808014e-02 8.851873403174033428e-02 5.065859280869649400e-02 6.075938824844667047e-02
4.632330962153206194e-02 4.028177688717105021e-02 5.710855185591665745e-02 9.896081197697045861e-02 5.503444116568548261e-02 6.386951482526972979e-02
5.316479701948923636e-02 4.075017608371077349e-02 5.282624632232676976e-02 9.284336269296525335e-02 6.287379585641010571e-02 6.726601266301253379e-02
6.758586876801790655e-02 3.844687182594693636e-02 5.205116554114590233e-02 1.481922753266997350e-01 5.748037367239922785e-02 7.057314378747579775e-02
4.709927428900159002e-02 4.287702797401684446e-02 5.542046807039955475e-02 8.458667805252244321e-02 4.945147689959013271e-02 5.946104949166166470e-02
4.347950677922678142e-02 3.971673406957385022e-02 5.548228428675425900e-02 1.006771338592034187e-01 5.773416596811230261e-02 6.074564266610976704e-02
7.299311654312273800e-02 5.451784449416697403e-02 5.005329637730886877e-02 1.386491668702068691e-01 6.912733055915926128e-02 7.419209798155082525e-02
6.006050407269733493e-02 4.005811314921178118e-02 5.126804007117683609e-02 1.509659379935190948e-01 6.220276724676873648e-02 7.108963111572853821e-02
4.236973127370773085e-02 3.861799532571712212e-02 5.403439850321403726e-02 9.417679656002908573e-02 5.541999569570574269e-02 5.736544172112967299e-02
4.229027509074236718e-02 3.427702019670592765e-02 4.610244207831359908e-02 1.310315310119252730e-01 7.435532270268199739e-02 7.918786579873035580e-02
4.933949588447689161e-02 5.150221494255204785e-02 4.806431294616683031e-02 1.114352879915692512e-01 6.998408398907804417e-02 7.320800845542679847e-02
7.705678260042689298e-02 3.788433195959482053e-02 4.837634555024054872e-02 1.595129578184166508e-01 7.284772061139364874e-02 8.318691533456798459e-02
1.215767451993223225e-01 5.630846170151351804e-02 5.619554929475369109e-02 1.256968431286974996e-01 6.644092326311994146e-02 6.051429551779016064e-02
4.569067298401428140e-02 3.833018428728599686e-02 5.081897826152880632e-02 1.009572974634353054e-01 6.244910829347818243e-02 7.632536853943318322e-02
4.889632466709643854e-02 3.922325771795073107e-02 5.310447632550392011e-02 9.466764231178283195e-02 5.288780440250875209e-02 6.174187902098881436e-02
6.764824891072399038e-02 5.292720197313049990e-02 5.162079263032977317e-02 1.341330784317878999e-01 7.298811911481098424e-02 7.450955611915174859e-02
