7.125792125368704544e-02 5.961421881343026419e-02 5.872644498154298842e-02 1.388387880658506768e-01 7.811989163900627531e-02 7.135059561976224429e-02
5.105177999248153298e-02 4.588745262085703464e-02 4.339040427778192988e-02 8.467777072072385502e-02 5.298545048953853809e-02 5.492703481375927482e-02
5.230631548086406984e-02 4.415857161990154739e-02 4.209437043278061591e-02 9.410542152037011665e-02 5.242383742647899886e-02 5.012867786929071229e-02
1.066328944118692945e-01 4.610923445188278014e-02 4.368897884770227280e-02 1.102700772585838013e-01 5.466758574108383090e-02 4.838604962567717716e-02
4.872893615454289978e-02 4.559240104759762491e-02 6.045843952718431280e-02 8.939073983859689709e-02 5.237011632734223099e-02 6.634348447594239084e-02
5.405015547111644697e-02 4.542429314895339576e-02 4.395284832736678915e-02 8.895011004053939019e-02 5.352728389033258732e-02 5.069402572674779756e-02
5.915348900157286344e-02 4.486230382357050267e-02 4.462509802211341026e-02 8.508616263650006784e-02 5.900191869437287906e-02 5.749171948145393590e-02
5.360730213734406224e-02 4.119739120295138474e-02 6.032252209462912046e-02 1.093537826253532935e-01 6.920984751887505892e-02 7.192333664038019769e-02
5.017554547237040863e-02 4.671888577622622385e-02 4.357111626954723871e-02 1.059097650989348077e-01 5.427019204444787775e-02 5.275935411631452188e-02
4.970822619555622518e-02 7.012683031967337222e-02 6.351565522277298481e-02 8.567496032539603790e-02 8.261761145901755365e-02 6.326389445037503001e-02
6.053641834226836799e-02 4.466351635258958980e-02 5.498024583952704908e-02 1.036040859909676676e-01 6.103196789140155620e-02 7.461039998639436288e-02
5.091484590200685140e-02 4.396366772729908001e-02 4.329673431541437856e-02 1.034241226270026098e-01 6.144263197121731940e-02 6.261806967818821235e-02
4.861743832253733605e-02 4.248606323763903792e-02 4.178633775723156890e-02 9.833235868592751783e-02 5.557223987871320880e-02 5.420705000261008544e-02
5.029068207474263891e-02 3.739508801690030748e-02 5.397645760330085224e-02 1.319885110978651632e-01 7.450473090795162179e-02 8.550907888336575779e-02
5.634881750816487372e-02 4.112657982738619766e-02 3.728368437376273353e-02 1.223940627951958654e-01 6.352540263130032616e-02 6.812541477485344055e-02
5.681044050635464249e-02 4.083662342831000103e-02 5.424862213047115800e-02 1.267876347006354487e-01 7.451875758042218745e-02 9.054749312421750407e-02
5.463497068498723158e-02 4.362281067774742560e-02 3.922961013972188493e-02 1.109854876627669185e-01 6.184314994224982681e-02 5.628997400753700531e-02
4.977297112501880699e-02 4.215752553465827029e-02 4.044316860678013464e-02 1.047368757583704013e-01 5.958694358965497401e-02 5.716943116401766722e-02
5.754747786186150543e-02 4.216253009011496078e-02 3.996620868877773236e-02 1.059019484953229728e-01 5.635886214286401491e-02 5.171483020940949998e-02
5.371388709387918403e-02 4.347737256824620727e-02 4.512491935976204599e-02 1.076999605025130841e-01 6.451879710744969076e-02 7.440197727097584701e-02
