1.854218010815062096e-03 1.368647735164361424e-03 6.495310050362691030e-04 1.663603063234948276e-01 1.779950212886168281e-01 1.081650084600272455e-01
1.136091785465947156e-02 6.585720818724908818e-03 4.775513791888378982e-03 1.897095339238689671e-01 2.113561435237085173e-01 1.184894567366870793e-01
1.134199739607088912e-02 8.034332952269867059e-03 4.773762542052676153e-03 1.949811196482818809e-01 1.994390894281514170e-01 1.246007240032662028e-01
5.329342177300979387e-04 4.748979029623865604e-04 3.300975521313298674e-04 2.041836695151800218e-01 1.772506790818672295e-01 1.203270334803710345e-01
6.086466137567321912e-04 4.484387527102575398e-03 3.523528490358389257e-04 2.102155648149020284e-01 1.863713377420131156e-01 1.099625428752692702e-01
1.134904337438993882e-02 8.724069198125126642e-03 4.791286879515120091e-03 1.919633883667509755e-01 1.907585952920112793e-01 8.967301169178602815e-02
1.133283880822081799e-02 8.272212777490248539e-03 4.761806149512649161e-03 2.104020215969000795e-01 1.890131219732832379e-01 1.151221804872347432e-01
1.134641430280380545e-02 6.565059635358424552e-03 4.778077092747936433e-03 1.954311618958425034e-01 1.973361297510249079e-01 1.054907301402400327e-01
2.929334286903676507e-04 4.604244426738776652e-03 3.068449413266324376e-04 2.123510838115427735e-01 1.993514887484132414e-01 1.212221822965521417e-01
1.133786545690038117e-02 1.050851298809432101e-02 4.770308890355233998e-03 1.900432950851184966e-01 1.886317924584370864e-01 1.042874195132315329e-01
1.136526293925502890e-02 6.585923147644017275e-03 4.775782349461205750e-03 1.786755919120829039e-01 1.729505372336303526e-01 1.074332758345317718e-01
1.134251744809863793e-02 6.594651125632218155e-03 4.773632155575177616e-03 1.912342196499535463e-01 1.546739836855035022e-01 1.105635167460661400e-01
1.132546922150067144e-02 8.031824686094968940e-03 4.771676159115626793e-03 1.986453583409187318e-01 1.951064250500196828e-01 9.667303336443897055e-02
5.707439184467248900e-05 5.215950181174101153e-05 3.309302346613647800e-04 2.180798085571778178e-01 1.985892283591328134e-01 1.023316453085786476e-01
5.211409618475487801e-04 7.462027559149042588e-03 2.990581311309131437e-04 1.836068480956307980e-01 1.839462918757835963e-01 1.034453100931366359e-01
4.484320757852127055e-04 6.516417183641126654e-03 6.046239796359021172e-04 2.103986258094059369e-01 2.015565741998436300e-01 1.281229190171341015e-01
9.893274050251582921e-04 4.642177399405620492e-03 4.161278390431119752e-04 1.859611532809394840e-01 2.144924005794989486e-01 1.033243905178316963e-01
1.221236217856190402e-02 2.449444714970921630e-02 4.788461946698139952e-03 2.264509439081306974e-01 2.454950075168214341e-01 1.219743668100449485e-01
1.134494580558531932e-02 6.571413409578954860e-03 4.773584624503498380e-03 1.850523663077810188e-01 1.771284146347463229e-01 1.114606729243627081e-01
7.046226330599008507e-04 4.109940417803999158e-03 4.705060361453138854e-04 1.938024533819332484e-01 2.001820356649285926e-01 1.064230418575172893e-01
