1.900559904973200473e-02 1.574914447703420761e-01 1.272735585484280080e-03 2.811838318809807835e-01 2.485726019334524861e-01 2.461140137461476640e-01
2.163151049657093331e-02 4.714084375580945147e-02 1.072132980068225133e-02 2.611263922873266474e-01 2.939156014780633375e-01 2.261061016075980312e-01
2.155957369693542458e-02 1.279808420345231353e-02 1.023441897329960965e-02 3.118998864864995779e-01 3.085435281032340438e-01 2.071392936830469822e-01
2.044984454902576236e-03 4.868413713941271287e-02 1.248320462451008072e-03 3.182585540305616356e-01 3.324513838000979771e-01 2.180547051326427177e-01
1.805884151570707596e-03 1.403490176708973051e-03 1.289001448140726690e-03 3.147663983296727919e-01 3.106132929301921863e-01 2.216775402659639516e-01
1.147880245078902219e-02 1.687491432845236380e-02 4.959170663701896985e-03 2.968336101710417618e-01 3.010595987869351120e-01 2.286453008404135123e-01
2.647983436551972630e-02 1.668171977341507614e-02 1.278096355801533641e-02 2.778084500385812339e-01 2.842624766569329942e-01 2.266507620578485926e-01
2.960264730211926640e-02 1.594055146329240169e-01 4.924270315224071361e-03 2.938765528285015027e-01 2.959565999895492072e-01 2.289493142722158758e-01
1.848827212535028141e-03 1.742891982306008555e-03 3.885786831275611294e-03 3.093216277629202149e-01 3.216091919136107036e-01 2.321963142734296270e-01
1.449283097969755914e-02 1.707369509835389779e-02 4.898943673358482041e-03 2.883690394712861149e-01 3.107729660286416840e-01 2.396407980120341119e-01
2.408184420891264915e-02 4.728889147312727304e-02 4.912040002691482783e-03 3.061373854443685816e-01 2.591496236331965464e-01 2.167262751674013943e-01
1.150392011094169588e-02 6.566350086518230392e-03 5.045366284332423838e-03 2.815935095753511752e-01 2.887056033500289276e-01 2.161224435376529196e-01
1.264444730582181889e-02 4.514620658362991645e-02 4.914241518864713096e-03 2.621385238026647801e-01 3.042885993596755045e-01 2.326446978590982484e-01
1.935929625000440413e-02 1.138809163653070090e-02 1.055020240643924495e-02 2.926863120895719095e-01 3.068530999788759428e-01 2.336547829971714063e-01
1.374436328957879920e-02 6.948658678565906507e-03 9.068970228141324391e-03 2.906230903904581386e-01 2.713137888864329272e-01 2.196774612125843018e-01
2.311502251950420944e-02 1.129625359223854902e-02 1.320283981634916802e-02 2.859128795238762288e-01 2.738082739516007336e-01 2.323221552704584636e-01
2.097159560019099585e-03 1.570597375948784846e-01 1.113850015149383567e-02 2.887344210997880301e-01 2.446594186013804906e-01 2.042553101980523755e-01
3.255235778627062204e-02 2.056907795704841432e-02 1.429740406724156962e-02 3.082061692485528193e-01 2.707098973948632303e-01 2.457702750191927410e-01
2.141548243036657875e-02 6.567407897593194148e-03 1.170803444743499441e-02 2.858051934883804046e-01 2.847991175931808283e-01 2.306562628246874025e-01
2.629193224637467463e-02 1.557857112360133515e-02 1.148487712936231003e-03 2.910240340303600903e-01 2.831955307620762641e-01 2.098199522542620876e-01
