4.368307891662228520e-02 3.708352629771038272e-02 3.786924966743175636e-02 1.285167861518350663e-01 1.103856365332189504e-01 7.394983141781151514e-02
4.323385901991839975e-02 6.122706285486251981e-02 4.056970237154514103e-02 1.489532845479693279e-01 1.475194719020752609e-01 7.538913877984790290e-02
4.553832653094317534e-02 6.020582928957492197e-02 3.929576348595656410e-02 1.630445833882239737e-01 1.381264311590831295e-01 1.033263818383236138e-01
4.455454812138608112e-02 6.591162849617107633e-02 3.960344957951052874e-02 1.436540927481167740e-01 1.405161281818320951e-01 8.996716774324833854e-02
4.544615677023161604e-02 5.852120694410514745e-02 3.942520303467351994e-02 1.469150770826994079e-01 1.381058745249236497e-01 7.981383134035842375e-02
4.976711484273900477e-02 6.901497438164803933e-02 3.652789252574885348e-02 1.592311155722414273e-01 1.252383610025397109e-01 7.328378764160690950e-02
4.390888546312764207e-02 6.788574608336726823e-02 3.923195819377309906e-02 1.676763994843764594e-01 1.529143838554739565e-01 8.576414245338474795e-02
4.555838965028395637e-02 6.246113164268855822e-02 3.690883271091002782e-02 1.552695536598458770e-01 1.100590524664746550e-01 7.365619771861740828e-02
4.590416607055572418e-02 6.288114160921545737e-02 4.446753134148517805e-02 1.466824326221404518e-01 1.325478157097371434e-01 8.415182385168537560e-02
4.816810995162357917e-02 6.578136067015732946e-02 4.036669052004657199e-02 1.586977690191887780e-01 1.125848114441957842e-01 8.299890216315114477e-02
4.709991278580802354e-02 6.342536000377503591e-02 3.744458463886064792e-02 1.462825942942511670e-01 1.240321221554155084e-01 8.359574313608722496e-02
4.412190687830498670e-02 5.898851358909914383e-02 3.798688476495958727e-02 1.823823239995037981e-01 1.230082734321906734e-01 1.035975228850133795e-01
4.467898400076053544e-02 4.246126689393590892e-02 3.893331843726031277e-02 1.444903339057814762e-01 1.134972633727595326e-01 7.377519899056883546e-02
4.654300448152826064e-02 6.925210924658445344e-02 4.118836073672926812e-02 1.565404311629653433e-01 1.473378805779701206e-01 8.349478290979620021e-02
5.015806233178302792e-02 6.595413556959797696e-02 4.067475793968391290e-02 1.633732436951831068e-01 1.279072310275169988e-01 8.140745977136930323e-02
4.012251039352263821e-02 3.532974709128431506e-02 3.697162701478182850e-02 1.693356456594677650e-01 1.280915885180076985e-01 8.986056153891851250e-02
4.485894927803286275e-02 5.986237892177969505e-02 3.799871876786791586e-02 1.309587785862957321e-01 1.446461855854276335e-01 7.699183011617118100e-02
4.615312230536432192e-02 6.489158544149579988e-02 3.830291475107842902e-02 1.634054343124209108e-01 1.433329967634252577e-01 9.268104043013716820e-02
4.478297140973541007e-02 6.237941322745027550e-02 3.882527580686233326e-02 1.425640170041826416e-01 1.401119495780128454e-01 7.928000982321804779e-02
4.618491310377450393e-02 6.901106161458157862e-02 3.686720507399847413e-02 1.802123764535863426e-01 1.494974740048497508e-01 9.084199929057477918e-02
