2.995356175938805425e-03 2.054470568271237439e-03 1.459016276465824021e-03 1.601138248671089837e-01 1.768735041854952728e-01 1.069709021134932631e-01
1.143387770283629638e-02 6.659096461052627265e-03 4.820981717734197820e-03 1.933957707431274431e-01 2.206916418887066855e-01 1.252260453314163746e-01
1.147269451207803825e-02 6.585913357113708927e-03 4.872601635665071637e-03 1.921708221820739304e-01 1.921779847146322107e-01 1.283334940313403949e-01
2.460648274980381522e-03 2.027971931748184624e-03 1.381703402340279116e-03 1.971109262248393612e-01 1.747679899917073398e-01 1.271205959777026162e-01
5.565917907342180643e-03 3.791672823506187558e-03 1.969514507360586603e-03 2.174231172567675507e-01 1.865833510262966954e-01 1.146845221194428416e-01
1.159196286229783462e-02 6.683007690096251334e-03 4.947793220949900546e-03 1.881002543532933891e-01 1.814353052397520982e-01 9.280463693502982725e-02
1.155932687299759606e-02 6.936343866449316137e-03 4.885072100124924696e-03 2.042723453529891042e-01 1.781592596026844166e-01 1.147733315453583758e-01
1.208078792995905676e-02 6.951538790664738704e-03 5.258710080913032991e-03 1.981467102373884182e-01 2.051264793072964387e-01 1.119460195954385812e-01
1.198930227319551815e-03 7.911376371555158731e-04 9.115206995497410246e-04 2.029573602510699182e-01 1.881308226034672793e-01 1.224851941810195521e-01
1.144115901866283452e-02 6.613338280982360498e-03 4.834698897528722471e-03 1.887611675445519943e-01 1.784268185991157996e-01 1.027487020839490395e-01
1.216454363414212064e-02 7.082099284844779394e-03 5.180531681470751729e-03 1.803084240153019768e-01 1.810755085583622692e-01 1.146919219790761696e-01
1.161274632400398875e-02 7.040173311008196891e-03 4.911939918723203999e-03 1.834255721572875808e-01 1.542377978132299654e-01 1.112990393845212783e-01
1.172736228067334033e-02 1.496872721159499264e-02 4.959483116148473425e-03 1.999204289586547778e-01 1.992211871363629150e-01 1.022899210852489665e-01
1.138913182806336770e-03 9.690559255269387507e-04 1.076188773772006379e-03 2.176747819901406478e-01 2.008590621708148394e-01 1.091598809950980326e-01
2.454555861341084586e-03 2.132034189253517384e-02 1.275514402836598876e-03 1.884730390340296491e-01 1.889373732027421482e-01 1.049467306912184872e-01
1.148840513366915315e-03 8.003486643024509267e-04 1.043470762777288282e-03 2.154248468067246070e-01 2.003462685990810288e-01 1.308777577846725326e-01
1.614810916147176078e-03 8.516934927995866659e-04 9.017776558650412956e-04 1.922545157835422458e-01 1.956349096053613956e-01 1.111899049225743702e-01
2.665435328151138580e-02 1.688771451374998858e-02 5.092418358052100587e-03 2.378461571531080010e-01 2.405056295488293971e-01 1.213010784965457278e-01
1.179007465235910532e-02 6.981434301417357990e-03 4.972245165813124652e-03 1.750668840636505907e-01 1.726721600908415477e-01 1.129031096481031143e-01
2.934292292067965796e-02 2.129041384151880364e-02 1.151216227163650999e-03 2.119205182088510775e-01 2.081465169181691555e-01 1.110171681237687724e-01
