5.858662840111373421e-02 5.017739900603742503e-02 4.712513261239612700e-02 1.378317184160737507e-01 1.057968352294194336e-01 8.035688877920467432e-02
5.795084415158947150e-02 5.214148906848677795e-02 5.260204686528593271e-02 1.669263974484314073e-01 1.277530644372613100e-01 7.883104625465477133e-02
3.913646808121159365e-02 5.214821665879918605e-02 5.037180171428885800e-02 1.577499401371511012e-01 1.146312599049318509e-01 9.514720620066870194e-02
5.426858028370042109e-02 5.173201293575490495e-02 5.038221198656715055e-02 1.686381497618928971e-01 1.184677682471867166e-01 8.275318776226492368e-02
5.562271150930585273e-02 5.264739283609388282e-02 4.929861353269196500e-02 1.553469157913604792e-01 1.123822537019465023e-01 8.389189028272010795e-02
5.799398736156968770e-02 5.414598434386132253e-02 4.777704556221276655e-02 1.654263169164425507e-01 1.178825051825998366e-01 8.474911131807806586e-02
5.540842673651708711e-02 5.173602750140787049e-02 5.243833585949893294e-02 1.641807379937957334e-01 1.295952822193650045e-01 8.110259308114953214e-02
5.621988581716320932e-02 5.163067795293047046e-02 5.096268384519143935e-02 1.559056267061407763e-01 1.130155279968500237e-01 7.716304258528031146e-02
6.011470098931424172e-02 5.345577294586416339e-02 5.123393356902592594e-02 1.443531908395651597e-01 1.037501988876932263e-01 8.281916088049734448e-02
6.130967599300815585e-02 5.353501282998372052e-02 4.903995445407091647e-02 1.531917170621900637e-01 1.024708180534051605e-01 8.155046629326535845e-02
6.089444376860667085e-02 5.849149567373297665e-02 5.072136796555647836e-02 1.350095877769171004e-01 9.780729472332837238e-02 7.605913595730631749e-02
5.570292738059599152e-02 4.757054240391579703e-02 4.834691982525841925e-02 1.576091215393292666e-01 1.101022509145401368e-01 7.935558368888452618e-02
3.782541236686620678e-02 5.223597049150253274e-02 4.960186351861411991e-02 1.548855162773166150e-01 1.088909248591870271e-01 7.887566200372021774e-02
3.911250378219952722e-02 5.783809763429172829e-02 5.484147599689379038e-02 1.408627386730855746e-01 1.183200012635143294e-01 7.971523058739968248e-02
6.082325807952354557e-02 5.489961735924479141e-02 5.080119301604797688e-02 1.513719143385211241e-01 1.203492390743585577e-01 7.628133446119644834e-02
5.566248590773251875e-02 4.844014102790131920e-02 4.520264218285888896e-02 1.550082197267693418e-01 1.121352810119594784e-01 8.427293342333432025e-02
5.736035118852891163e-02 5.335098962335512590e-02 4.897258236430782063e-02 1.454766903828725311e-01 1.141585345518056488e-01 7.749309893134226357e-02
5.901389572529869287e-02 5.019184927959351172e-02 4.840913853622923202e-02 1.785925245656714289e-01 1.306571190631180546e-01 8.917951361359104101e-02
5.879854932106942655e-02 5.156681991267338117e-02 5.095570719132613835e-02 1.586312871357793142e-01 1.179177273160604833e-01 8.383765514039309696e-02
6.078109887295494312e-02 5.149630508196967327e-02 4.128549071168797352e-02 1.696506886755834997e-01 1.345668019270040705e-01 9.673147882170655965e-02
