6.589966308350037050e-02 9.060386131856411340e-02 4.858169894636322345e-02 2.456102396482699735e-01 2.331897197432441782e-01 2.005743236386860195e-01
6.896261399722151963e-02 9.321099171234677183e-02 4.678051633770147211e-02 2.422092895973751436e-01 2.355784261304111060e-01 2.099833745539018415e-01
3.198519005473498406e-02 4.134916130370708265e-02 1.252414205995269481e-01 2.850108238329834287e-01 2.341552950683242484e-01 1.963452255049655815e-01
7.457916672935359370e-02 8.883181077321336550e-02 5.037057378137485553e-02 2.506891244839578592e-01 2.464011701730136061e-01 2.027326325021666376e-01
2.005889143763649879e-02 4.987143880637469329e-02 1.356963364070785383e-01 2.866057636573260403e-01 2.535930271913978129e-01 2.010635096099964714e-01
3.745141124734697319e-02 4.178859612597033563e-02 1.346226217832809935e-01 2.660662810274210810e-01 2.494920323159126041e-01 1.952785415220686382e-01
3.156843767554735197e-02 9.336960296507680612e-02 5.400455162440163243e-02 2.472298179746905411e-01 2.112904105378805297e-01 2.070895621769981154e-01
3.126552666400350677e-02 8.758042756863308742e-02 4.939719097709449613e-02 2.534202309207116421e-01 2.292116654786562346e-01 1.943142517869503871e-01
3.407807768891481931e-02 8.865276779836522847e-02 1.277404639337824388e-01 2.351035356082784855e-01 2.513571775696463173e-01 1.980542573726148114e-01
7.500290951651154836e-02 8.507175628032094539e-02 1.145081736911254255e-01 3.064414953637117911e-01 2.384178861911452618e-01 2.109697999271891722e-01
7.081238566310557592e-02 9.079471939209463049e-02 5.385382419723735992e-02 2.384508845157639889e-01 2.069341074630797195e-01 1.834289531786763294e-01
3.150696489679900847e-02 4.703828291873720507e-02 1.323442769812700481e-01 2.566868243125230431e-01 2.325699177749921687e-01 1.925805528593696747e-01
5.687483166773692894e-02 7.576874781183852436e-02 1.357064732945399976e-01 2.765503389930884515e-01 2.550966304080984348e-01 2.022437140407361000e-01
5.845240744247902354e-02 8.035683487953518278e-02 4.518000323766027670e-02 2.447202537573605063e-01 2.440480936314116112e-01 2.026357179719373292e-01
6.147043042585280392e-02 8.478270262764420195e-02 4.559043673358081916e-02 2.539704993971558800e-01 2.462619041866901670e-01 1.712240001264599687e-01
7.921818794330967584e-02 9.960686815961215801e-02 4.782593131968234518e-02 2.665289797289628893e-01 2.399520635487689124e-01 2.013099115645578807e-01
7.150900052590557221e-02 9.309750730130625374e-02 1.281207076552162705e-01 2.292796720406454214e-01 2.209011921011950486e-01 1.707910986879549453e-01
7.628148154867933628e-02 9.457788198557552650e-02 5.302579352210953084e-02 2.922125552151542127e-01 2.486694016753664416e-01 2.234109804342770123e-01
2.960501578677357526e-02 4.211624478002216204e-02 1.192325774599046623e-01 2.593093191110025231e-01 2.531857490610328054e-01 1.941007364284315917e-01
2.939838483227437751e-02 1.002986786993357998e-01 1.260815876127402702e-01 2.464535694913869701e-01 2.474412804311521552e-01 1.920111136689996445e-01
