6.241310380623365205e-03 3.264625611906194717e-03 2.997375998782517668e-03 1.856540004983353032e-01 1.356277613760625833e-01 9.521463266540185211e-02
1.292882916480259103e-02 7.330611810849569678e-03 5.623837236883619077e-03 1.756997544098837793e-01 1.486138078515572558e-01 9.800221274550298400e-02
1.249749355186972888e-02 7.240153805439904916e-03 5.257618582633919770e-03 1.653342460840374339e-01 1.453356338949414739e-01 9.716528742492089310e-02
2.585609127321540895e-04 1.592566144491186822e-04 1.081629467819397527e-04 1.642217577171435072e-01 1.273144722014245278e-01 9.897974379510916798e-02
6.238143398398563085e-03 3.261934424002929742e-03 2.996104098497522940e-03 1.730245697278355310e-01 1.388484627461339105e-01 8.765726666353677865e-02
1.132703964694612396e-02 1.638700693927220078e-02 4.760726094736084275e-03 1.657619883186517429e-01 1.889455575111304020e-01 8.015274514366726999e-02
1.133041427063478414e-02 6.568058813088010865e-03 4.762589577725475330e-03 2.104636717890986386e-01 1.546292778655385669e-01 9.734587465312143084e-02
1.132603130028101215e-02 6.564890536113097801e-03 4.760269782524299831e-03 1.687643648066759205e-01 1.365066813092882525e-01 8.230415719654880780e-02
3.042731385400598496e-03 1.754378933936316968e-03 1.288902230760353507e-03 1.564760549592473515e-01 1.269733968629340182e-01 8.425112205517414077e-02
1.831281697027805494e-02 9.716845021323122084e-03 8.654377960596610492e-03 1.684818227536371005e-01 1.297045204998709955e-01 8.531914006032670361e-02
1.132548406783529492e-02 6.565837271726382429e-03 4.759542024866367065e-03 1.632653856313404650e-01 1.203704928374742106e-01 1.006125097278884051e-01
1.132595724770516822e-02 6.565962293340491494e-03 4.760167972779613850e-03 1.742067481090708025e-01 1.390844785522732663e-01 8.836849116926549785e-02
1.145946709852607368e-02 6.621272007577562804e-03 4.843128121011367089e-03 1.916122994162774706e-01 1.324551213254313853e-01 9.739061441114919837e-02
1.991472234458109493e-04 1.400269822698530421e-05 7.067773193612633318e-05 1.608305849300374624e-01 1.382224366669181637e-01 8.083070781819921835e-02
1.449563377537304784e-02 7.213683562856368532e-03 7.282130872413062304e-03 1.673915746781578506e-01 1.404621451248211084e-01 8.773308155906711647e-02
2.436562586092820191e-04 1.383934055462721568e-04 1.110778859300840481e-04 1.784052718297401696e-01 1.508067479744520101e-01 8.559925305039950416e-02
1.329917581763997829e-04 8.333066207934908186e-06 6.466204735574337579e-05 1.530921667161882771e-01 1.322935454176876191e-01 8.199389234362552958e-02
1.831151709368489602e-02 9.715693575517896433e-03 8.653536820135488902e-03 1.928461361020949172e-01 1.486524482234916344e-01 9.387000979180062932e-02
1.831200815635091600e-02 9.716333489330311254e-03 8.653980871984318438e-03 1.481666375621248644e-01 1.289221971682001089e-01 7.745772749185850237e-02
1.439469084553270627e-02 7.165953939043582556e-03 7.229128794184073135e-03 1.911860637889204739e-01 1.526497338041227780e-01 9.308431462056646066e-02
