3.783822580031462324e-02 3.729111883411603129e-02 3.501872882778608864e-02 1.122029837260090229e-01 6.421394432091009907e-02 5.955254605013464431e-02
3.468712334244630768e-02 3.551171506766075125e-02 3.391242293114815620e-02 1.219960389417801133e-01 5.844206725344371772e-02 5.350332564813702757e-02
4.511575749497425541e-02 3.780252242161991072e-02 3.627494720077278217e-02 9.432044984320035741e-02 5.737594863244026289e-02 4.999905806088413701e-02
3.959118768431989233e-02 3.753595900246056716e-02 3.580718215972950730e-02 1.023909978715742686e-01 5.707233322840125911e-02 5.086995904222157971e-02
4.170671732981640761e-02 3.627318713740534939e-02 3.424705196363549836e-02 1.185674903283112369e-01 7.372635095266835692e-02 7.125715469582098727e-02
3.304998303298684048e-02 3.373410120277937907e-02 3.263087624631962058e-02 1.183141274412828903e-01 6.557377275178766229e-02 6.356747312953291151e-02
4.055309673492936418e-02 3.697682447478836676e-02 3.591716093222462741e-02 1.015276736771304478e-01 5.842302504037881483e-02 5.008321042791525485e-02
4.024326208235726871e-02 3.698158996532051324e-02 3.523659152191786076e-02 1.070259257336504538e-01 5.911801056803532572e-02 5.912513338206626390e-02
3.825770280007982638e-02 3.619591948783984492e-02 3.300193462735590694e-02 1.388021706097069818e-01 7.537513864961374599e-02 7.098306665505647872e-02
4.024266634993319686e-02 3.543960477864619568e-02 3.578482253293993609e-02 1.030864848785473104e-01 6.176613247748385938e-02 5.365874127628963292e-02
4.140794358911003420e-02 3.792025840456720448e-02 3.598280777491280613e-02 9.198336279245597491e-02 5.221408081975151966e-02 4.867690948956887587e-02
3.676422919570317138e-02 3.682010809308573079e-02 3.481326153461871548e-02 1.213437137529805587e-01 6.522467931718438361e-02 5.392231294827218302e-02
3.716207089661066609e-02 3.660476776747267208e-02 3.220437651729302769e-02 1.202938011909860799e-01 5.764264511897723708e-02 6.578236055976290075e-02
3.825977797940532249e-02 3.639276593025142503e-02 4.646228940124563084e-02 1.092014898692697245e-01 6.014298648760513233e-02 6.437761733358215999e-02
4.144838577137610613e-02 3.836737817605265222e-02 3.521935478272080616e-02 1.106646067170448527e-01 5.906688913886863623e-02 5.701582405473835935e-02
3.449373780026625258e-02 3.281308288799559408e-02 3.200318313229709444e-02 1.305836861147161576e-01 7.067250437401677299e-02 6.267096955146636561e-02
4.500001011703735898e-02 3.806276001718196522e-02 3.492077388834387980e-02 1.203596256695636801e-01 6.691511739842535833e-02 6.890336706221925067e-02
4.029159193950413581e-02 3.666314646386873571e-02 3.620941803290725347e-02 1.078242454716959453e-01 6.056943606830385296e-02 6.124536755344561073e-02
3.958810017857685576e-02 3.570398134631327242e-02 3.442401463146359253e-02 1.212616838084523557e-01 7.092783189932336252e-02 5.909503000071106987e-02
4.228409561142781881e-02 3.792983096696698336e-02 3.534235932710124567e-02 9.792310950898146238e-02 5.232961583176616582e-02 5.042575371822814040e-02
