3.319100475234865975e-06 5.379907774806393892e-05 1.436510205443846739e-06 1.114621061122992723e-01 6.144746257219740881e-02 5.230764324823186651e-02
2.933104261790875958e-06 1.715148156900760972e-06 1.321143590458199174e-06 1.185342252863471196e-01 6.503752809327467688e-02 5.779649355776854402e-02
1.483785247328375974e-02 8.601684291228282875e-03 6.236198914984699207e-03 8.325287111556313457e-02 4.781328901960250205e-02 4.023040374746144482e-02
1.483788699267926843e-02 8.601674556958930490e-03 6.236198807953160193e-03 9.160150450401349786e-02 5.254192777093310424e-02 4.345592849871751651e-02
1.483785231963728399e-02 8.601653509622022437e-03 6.236198835645106152e-03 9.755847709682047286e-02 5.361181369796656770e-02 5.002012896523511110e-02
3.057190927022596241e-06 5.379223997681236379e-05 1.379174102946143146e-06 1.164089166953634902e-01 6.565853125146335623e-02 5.831371131899910215e-02
1.483785227986879167e-02 8.601653490881048386e-03 6.236198818775689698e-03 9.606545808132190001e-02 5.575229223270333073e-02 4.462567138549212303e-02
4.160019392430699335e-06 2.558053770009842108e-05 1.750686297831889668e-06 1.078429955361187714e-01 5.689079901752462642e-02 5.432036640360680957e-02
3.391732047072184954e-06 2.025609372272949845e-06 1.504230136256984907e-06 1.270741187132870542e-01 6.865950584095362186e-02 6.154526898631027670e-02
3.433739531965387783e-06 5.379481558769176359e-05 1.657552811955278301e-06 1.002261164863823828e-01 5.862260009681926481e-02 4.538985760351803289e-02
3.770080025012309062e-06 2.195463645317307999e-06 1.717514848716098954e-06 9.179398305960287385e-02 5.048194730602242192e-02 4.515098863587525130e-02
3.212279070200430683e-06 5.379695866195064282e-05 1.396239003186907346e-06 1.225480518967966975e-01 6.833960728191222633e-02 5.809690733238855737e-02
3.785222527616331948e-06 2.378794359208034221e-06 1.551549046200076515e-06 1.138215079839261373e-01 5.724950606356064148e-02 6.003379915635120162e-02
1.483785230139351638e-02 8.601653524431245729e-03 6.236198818200779787e-03 9.558005397439145456e-02 5.143883466137969679e-02 4.885043078256129379e-02
1.483785239365680887e-02 8.601653589717286191e-03 6.237426514618887342e-03 9.053716450075570410e-02 4.766807851229072635e-02 7.329198992113243605e-02
3.252005154357578994e-06 1.916071722320858070e-06 1.446104483191574151e-06 1.230177648748548153e-01 6.809240563818690084e-02 5.869230946826439060e-02
1.483789853138465717e-02 8.601848196500212415e-03 6.236198864863774435e-03 1.037420434757608534e-01 5.528901987924464412e-02 5.302464201727091070e-02
3.599770724963960266e-06 2.048194874913367880e-06 1.716131707783634331e-06 9.921294468509121722e-02 5.513150289104076784e-02 4.814329587386040332e-02
3.788898186468469608e-06 5.380460000495925914e-05 1.732757384658303789e-06 1.099395245139691002e-01 6.339622695672790520e-02 4.974764974259917455e-02
1.483785234699169092e-02 8.601821520465966278e-03 6.236198848412675272e-03 9.219565240579605248e-02 5.502362975767208231e-02 4.418621713345202012e-02
