8.952140428172143671e-02 6.827062779377272850e-02 6.150614179106051599e-02 2.152658981929981008e-01 1.171013337022324824e-01 1.007392248101659088e-01
4.707245052662620971e-02 6.810132517406944364e-02 6.109885375156528381e-02 1.509902464663966659e-01 1.140884022614111759e-01 9.167730547199236246e-02
2.646627601193140764e-02 7.482356864829282916e-02 6.600293625071616821e-02 1.571319136234835268e-01 1.070215952524844888e-01 8.912415741119675272e-02
9.712987443024095890e-02 7.103395828291506064e-02 6.126528717064862184e-02 2.201747955616041585e-01 1.074302160591468491e-01 9.561734723401939251e-02
7.773992647134579659e-02 6.201752020690924627e-02 5.898571227820875729e-02 2.618632420831313312e-01 1.309689676122624269e-01 1.127396949488238681e-01
4.299069774075170436e-02 4.057879345821347600e-02 3.988777338947504386e-02 1.491895209172426906e-01 8.180143444991316848e-02 7.301557333443098319e-02
9.259370078366783996e-02 7.103446182260655939e-02 6.554683477455171270e-02 2.224912692953732174e-01 1.063647925058003735e-01 8.878171211055940759e-02
4.172568272440788095e-02 3.865008513458378231e-02 3.750644334749600461e-02 1.471958417576718636e-01 8.771807643539324129e-02 7.231433652503745091e-02
8.938148859684999503e-02 3.955663655651894817e-02 6.062897579996202879e-02 2.344113048731159277e-01 8.610776335857112107e-02 9.649327011534199194e-02
1.005037744264132837e-01 7.266736162435230573e-02 6.393255129226928235e-02 2.039079684143957072e-01 1.031954100167529753e-01 9.044888836317295511e-02
4.624054838074122958e-02 4.050826690468672248e-02 3.867148168406277231e-02 1.439288161413758982e-01 7.806316846771274576e-02 6.254854759692134170e-02
4.434708397485121606e-02 3.964029574686110668e-02 3.699771101075081253e-02 1.803145928770849560e-01 9.763695999594471098e-02 8.507636475433096035e-02
9.050937124172857284e-02 6.891695596057585693e-02 5.806269804513174843e-02 2.466826945511789715e-01 1.200644958037836302e-01 1.069590901369278646e-01
9.031291340736054274e-02 6.745075578104677005e-02 5.840483772973913135e-02 2.215252439911822024e-01 1.152093119435019936e-01 1.010016492854423215e-01
8.737600766243536210e-02 6.698605135184203252e-02 5.755770244060372243e-02 2.495036733828300546e-01 1.259307551212787424e-01 1.106768761129079126e-01
4.151490116284285020e-02 6.700246726908240524e-02 3.808503443637151903e-02 1.494185055244290905e-01 1.079492312810617083e-01 7.026723482068850113e-02
9.819693825418804312e-02 7.295244695037865490e-02 6.335289757372036812e-02 2.490669334094362530e-01 1.219894378616786651e-01 1.037606288377162789e-01
4.051657005928592514e-02 3.850779713881143096e-02 3.730362180369789504e-02 1.550772665327222466e-01 8.544986416222155601e-02 7.211021818152067719e-02
1.023532158863526970e-01 7.097948524600805609e-02 6.181585227864979520e-02 2.362558850305094549e-01 1.216636487163076930e-01 1.029135429761200982e-01
8.111865779467367088e-02 4.004139455031371225e-02 6.168593040935720778e-02 2.875746552668476119e-01 9.137586472503213264e-02 9.972324074307203912e-02
