4.984748960528679468e-02 4.323266125797409903e-02 5.682294197520264267e-02 1.117096372004020843e-01 6.286347587128887637e-02 7.355901482663190771e-02
5.144745306992497269e-02 4.148702534466224001e-02 4.002642101669145330e-02 1.107733960941341134e-01 5.771627328260003909e-02 5.787972347658972699e-02
5.474393384456165829e-02 4.494159770777014784e-02 4.299242161623575975e-02 9.681416410510086668e-02 5.248812179733906846e-02 5.112062499427141860e-02
5.172722148609971982e-02 4.770920306674002881e-02 4.571843198133843100e-02 7.632685917143421095e-02 4.911047800340424818e-02 5.274929963646352027e-02
5.892017510786850404e-02 3.956020256008713903e-02 5.401117121922292125e-02 1.246123497750665360e-01 7.584367969193958614e-02 8.518156826371578449e-02
4.934822313343486394e-02 4.048130136680295338e-02 3.794463450722391357e-02 1.205631915940474502e-01 6.373997805305710307e-02 6.649645560268149791e-02
5.628321674966451499e-02 4.173989134247672872e-02 4.109599314797211106e-02 1.136265415194634282e-01 6.450453052552469757e-02 5.835985768862039791e-02
1.044364788811913553e-01 4.500967679461147924e-02 4.202918193249617629e-02 1.137115271581215642e-01 5.602634661107651348e-02 5.450823865934643908e-02
5.148521635780770045e-02 4.350175724270038263e-02 4.247210025707173764e-02 1.093494611911317999e-01 6.377923594279581720e-02 6.448193132343395251e-02
5.379267809738345896e-02 4.276124443065750652e-02 4.260165721127734395e-02 9.849175472284035782e-02 5.706813090875675898e-02 4.974445402530908861e-02
5.289711862727551617e-02 4.462100005369011579e-02 4.244950540043869458e-02 8.737197242906726002e-02 5.004785745828658344e-02 4.933295901020026686e-02
5.255456748716141879e-02 4.395498950193812981e-02 4.369140981108224353e-02 9.957118574901194230e-02 5.668818471611635629e-02 5.735601462889485663e-02
5.068577240883893886e-02 4.550199797624029235e-02 4.180940696025254449e-02 8.882795772633828024e-02 5.848634930468474269e-02 5.063512219203462894e-02
5.406109579774183438e-02 4.136386262547919745e-02 3.999568218813438769e-02 1.030634784736494669e-01 5.932490647911901893e-02 5.603005066386627236e-02
5.889107558196831488e-02 4.376662532619150087e-02 4.240321222120854716e-02 1.002738935397247122e-01 5.744783650923789703e-02 5.533410994813454942e-02
7.729002080464580926e-02 4.085316833114154000e-02 5.801102278744329349e-02 1.422695831927606458e-01 6.181770840619266183e-02 7.107129507502060739e-02
5.568257309809320627e-02 4.530977325241275500e-02 4.173169212449992505e-02 9.658847196596460905e-02 5.928125641742867935e-02 6.219701758678344850e-02
5.453548373002607003e-02 4.474392912457957755e-02 4.364530791529260684e-02 8.709342506744784107e-02 5.950831113708855008e-02 5.018432154383842270e-02
5.416195848283780756e-02 4.435025852324632478e-02 4.287566179366440744e-02 1.142527906207767285e-01 6.220425865122981152e-02 5.816857965799076408e-02
5.276842635667885334e-02 4.628390234116210034e-02 4.347636789404348695e-02 9.421589267597504924e-02 5.176915725656743017e-02 4.939668792204873066e-02
