6.103689432690290965e-04 1.637778734212389398e-04 4.190104973207735262e-04 1.328947601206138529e-01 7.479576095004759895e-02 6.070712467738732104e-02
1.226246895189490090e-03 8.095544594904419871e-04 4.428779366580352537e-04 1.176878909065495749e-01 6.799245231363817976e-02 5.669245145145557913e-02
1.487466238821314249e-02 8.645020875774784078e-03 6.275074717198574244e-03 1.019575933321387601e-01 5.742140978722909406e-02 4.879329494783590793e-02
1.486012494680572990e-02 8.631108494326831387e-03 6.241718124393003976e-03 9.395215457743495702e-02 5.192774371548652262e-02 4.601066654359284996e-02
1.487493830017789197e-02 8.636938483255631946e-03 6.252336794835903523e-03 1.146751519524226576e-01 6.737401129510844910e-02 5.261450199625813950e-02
2.544395373134264449e-03 1.979283854602773181e-03 8.921711085458477455e-04 1.228286791570480513e-01 6.326193387684587999e-02 6.404313037654506269e-02
1.505843190466028131e-02 8.816292441240438163e-03 6.273479453529569143e-03 1.145644245313062609e-01 6.422883480567402603e-02 5.455597057050228654e-02
2.558625719398527863e-03 1.951947617576231357e-03 9.337163713141579313e-04 1.061575818719461689e-01 5.994105790185376426e-02 5.096501413953113263e-02
5.073556513513149220e-04 5.334697950405810699e-04 6.424077649802930907e-04 1.359614738912295340e-01 7.699155672754230684e-02 6.234099109116495591e-02
5.821701289836375909e-04 6.454126995355579993e-04 6.477158643592899681e-04 1.047492538453463351e-01 5.907986656587406460e-02 4.950381156109032177e-02
2.467737580400590231e-03 1.810970197259512615e-03 7.087572762705336487e-04 8.875150438416790077e-02 4.998964455990080602e-02 4.485808021932559397e-02
8.924518388109325484e-04 8.103221725081898464e-04 6.629216097157512129e-04 1.110241723521440821e-01 6.254699131972811521e-02 5.410875368518099082e-02
6.726416246352335919e-04 4.113459449101178420e-04 3.032098747616405413e-04 1.119581852157818247e-01 5.930354518870784714e-02 5.895633017046644081e-02
1.487289775022640655e-02 8.637578569806823175e-03 6.277309732572615431e-03 9.882041484181067204e-02 5.417473231857204696e-02 4.853609238339537391e-02
1.487648290488019151e-02 8.623538058863650102e-03 6.256532227685461175e-03 8.425381753740422697e-02 4.704894404653016393e-02 4.133944064368715032e-02
2.479562578216467153e-03 1.978476415484345993e-03 8.310913766053871230e-04 1.179085887314087616e-01 6.682120152171634742e-02 5.429258902016177030e-02
1.508874436100251723e-02 8.845551059210206291e-03 6.278776203045430097e-03 1.099509686506335571e-01 6.104889544638473359e-02 5.353841038059693053e-02
1.285310247744909885e-03 8.388874951851516383e-04 4.679111344377710280e-04 9.968615001064623504e-02 5.835124726397977746e-02 4.668324372091432750e-02
8.327825842020919857e-04 5.925197476603169143e-04 3.338494042492169949e-04 1.141285846690701933e-01 6.508441273046274012e-02 5.305802432453127215e-02
1.508729840371580977e-02 8.839878569363291555e-03 6.279892364817584588e-03 1.192119308773099962e-01 7.521676542993045722e-02 4.962353922549109925e-02
