2.002309620937046432e-03 1.067577724675444545e-03 5.085092033168288339e-02 1.864686082990273108e-01 1.051256254628515907e-01 1.182236021695853151e-01
4.085354281970220158e-02 2.244914541644334183e-02 1.868024241837705490e-02 1.722560233602558333e-01 1.011104544073953559e-01 7.843647795328946570e-02
1.496575519174702697e-02 8.602277697004737100e-03 1.935427150594341145e-02 1.691324978419683489e-01 9.394776477428117001e-02 7.969521659524700374e-02
4.035763208506860933e-02 2.320784611791667021e-02 1.754320080497854401e-02 1.776365180505351804e-01 1.002090008720436243e-01 8.162233030446019999e-02
1.493036339299710392e-02 8.647007069465143664e-03 6.287105855080342767e-03 2.226355641705103638e-01 1.176025166424043006e-01 1.096989220864411502e-01
1.974833074533296692e-03 1.036586339052723111e-03 1.625475281295261920e-02 1.688884829098228624e-01 9.286868434111440751e-02 7.653748853423589238e-02
1.816985996335091641e-02 6.722122443164975369e-02 6.236817741036484314e-03 1.539814077234969159e-01 1.109355665597981794e-01 8.801518783524835132e-02
1.938656970022583064e-03 1.012220410571913146e-03 1.635056356570348604e-02 1.754095655843059265e-01 9.740175279560228661e-02 7.112207443021198450e-02
2.049172672906567419e-03 1.103236439980081942e-03 1.500559201307498196e-02 1.707583128385138094e-01 9.419321940076551269e-02 7.787722865389438975e-02
1.993485131690988545e-03 1.055392802471774192e-03 9.739136291321615936e-04 1.630973727586853550e-01 8.979388299809559770e-02 7.725877674110015469e-02
1.227422113498072287e-01 6.916303121091921247e-02 5.454533959512116587e-02 2.124955209109574694e-01 1.152510269930082654e-01 1.008713985979959038e-01
3.536545737790973420e-02 1.189159452693936526e-04 1.604453397242774915e-02 1.984848527170207655e-01 1.011698058619600188e-01 9.122012917506669427e-02
1.108899693967776018e-01 6.240996131031313621e-02 4.944425084553072391e-02 2.601828875417354081e-01 1.362809965274334734e-01 1.274748277235987493e-01
4.430842246218217456e-02 2.455818502707386372e-02 4.977631945902580984e-02 1.563430845133236269e-01 8.786337147748897458e-02 1.112636007741368283e-01
1.675043246509454881e-02 9.640954927917411502e-03 6.314700768703706071e-03 1.662487649930473599e-01 8.681843935142102842e-02 9.157518468050269977e-02
7.374640358354060850e-03 4.596387017875299720e-03 3.003082134622931960e-03 1.705452051036726591e-01 9.918923949712367405e-02 7.635824032119536975e-02
1.209700571754723786e-01 6.697963160130955551e-02 5.507709426297861116e-02 2.335618306972894187e-01 1.277774493182363413e-01 1.090441019889000634e-01
1.819496086449683440e-03 9.861917263461173443e-04 1.455525454366119603e-02 1.792502658307693619e-01 9.757307766843358043e-02 7.930292538484984277e-02
1.156742458277054547e-01 6.488690437081456874e-02 5.194428829109170448e-02 2.838779260397192861e-01 1.532447560814482468e-01 1.343903940690067411e-01
1.504440746506105660e-02 8.700019657507102391e-03 6.352476561770140952e-03 1.642242895844398531e-01 9.540946320291393556e-02 7.558084580964388732e-02
