6.013137209989903934e-03 3.768481866940081096e-03 2.693523204476090324e-03 1.311332881078080825e-01 7.499505988025222114e-02 5.913682692242240579e-02
4.859679020953366207e-03 3.534346825947822131e-03 2.287019019766530371e-03 1.226021138535377114e-01 7.356274650547205141e-02 5.671972044087995185e-02
1.697664848153681780e-02 1.009055685063830858e-02 7.117490106225149091e-03 1.034354723485588351e-01 5.916749865307156797e-02 4.865237177219549486e-02
1.620074102524935583e-02 9.772355404222419356e-03 6.606196728169286964e-03 9.411660930107795808e-02 5.199591978708060364e-02 4.675531464048077873e-02
1.578411422715604237e-02 9.184285354552018318e-03 6.861553290351982311e-03 1.125185261065871078e-01 6.783441329793855890e-02 5.040960691008033318e-02
3.235005135389144772e-03 2.370398058329110328e-03 1.487676175924976469e-03 1.323037916006466197e-01 6.788858891344416724e-02 6.896272473039832818e-02
1.521865489686625300e-02 9.001741935262050701e-03 6.306256006477375595e-03 1.102963273888127871e-01 6.394235326300704014e-02 5.150751364928655984e-02
8.273349717543794501e-03 5.259185953768919300e-03 3.362712945344720379e-03 1.083695865158430804e-01 6.293558583312981736e-02 5.103565063751506342e-02
2.590921558188832765e-03 2.027808123941552201e-03 1.370845461072254037e-03 1.333964961053940579e-01 7.675495200878978963e-02 6.035512458598833729e-02
3.126124068480525160e-03 2.968828157559629585e-03 1.188880355977866557e-03 1.060602985637166262e-01 6.020552886974221696e-02 4.970088401374064824e-02
6.992819786395754883e-03 4.915841247038712190e-03 2.592556828134241070e-03 9.114379323126170496e-02 5.306487212981234741e-02 4.448380572042267417e-02
4.242426440328395804e-03 3.067999527944436939e-03 2.003642572867999055e-03 1.100913927841633277e-01 6.351940503028762064e-02 5.275877091269882968e-02
6.817545622799491174e-03 4.900457536826044978e-03 2.370459072859858012e-03 1.176155476360450230e-01 6.357133879710272217e-02 6.021837475339924389e-02
1.653330220166128461e-02 1.005293739447328354e-02 6.770458779559380622e-03 9.749325679251476251e-02 5.328289649163115566e-02 4.854403543546303990e-02
1.555500957009423035e-02 8.971686891287631790e-03 6.784182048049234443e-03 9.052924155605848733e-02 5.206859462936071908e-02 4.308500390225235982e-02
8.279781572961039671e-03 5.447169303541508738e-03 3.232564180620605115e-03 1.228558963214745614e-01 6.971889256112272226e-02 5.688598331278298809e-02
1.537893404449442933e-02 8.958320561030469129e-03 6.497893030668912100e-03 1.093072270305789212e-01 6.149025636218514307e-02 5.287171178251455494e-02
9.219774206209211190e-03 6.137684650745766322e-03 3.432337327176034243e-03 9.833361138766126552e-02 5.869305688808501564e-02 4.525036947095568279e-02
3.587810341379110181e-03 2.624382509090492175e-03 1.603772942244570399e-03 1.165356818629955798e-01 6.781026010831389672e-02 5.339220152269923830e-02
1.648069464999685901e-02 9.902113870405388971e-03 6.769907896539383886e-03 1.314426967979519800e-01 8.422581296079321989e-02 5.248787864669589298e-02
