3.754312312437974725e-02 5.461209077292031311e-02 4.996688511736189359e-02 1.045237100228902788e-01 8.223461685830915635e-02 6.715405956388596775e-02
3.763089490344077165e-02 5.328246641074284307e-02 3.618108085520559125e-02 1.036305616319689177e-01 9.213713182387595069e-02 6.511235477392193771e-02
3.775176206190111738e-02 5.187267495894066355e-02 5.089178237379485964e-02 9.498520104611102299e-02 8.711951798949997550e-02 6.816897159858731348e-02
3.888892523695772208e-02 5.289968788266682237e-02 3.572717437207906244e-02 1.020831501028651306e-01 9.017518887735666289e-02 6.332363442007567234e-02
3.739754720102686503e-02 4.243762596069622361e-02 3.434733736566244339e-02 9.611404035735353346e-02 8.751634281856178477e-02 6.243692432507084306e-02
3.884561192054920842e-02 5.542403163724352044e-02 5.006571854267956312e-02 1.016796952211636990e-01 8.891574527423791452e-02 7.166059252593467988e-02
5.654384036633291338e-02 5.286091092597354490e-02 4.988105104292032965e-02 1.084554323651483326e-01 8.459722875490521821e-02 7.142257973635160462e-02
3.799836511780907422e-02 5.465921915354212540e-02 3.469190537562629600e-02 1.076458101443412974e-01 8.471298936434629168e-02 7.036681254710099032e-02
3.953830473308206361e-02 5.348467507173609858e-02 5.158979107940415976e-02 1.038254184941362762e-01 9.059984766222180241e-02 7.406435822428740490e-02
3.834941936061773277e-02 5.356552885276438802e-02 3.409819694805137080e-02 1.092092109616480677e-01 9.322969823381595245e-02 7.223601077571133178e-02
3.888567289560376783e-02 5.639058111625119829e-02 5.057112791312420863e-02 1.156102793983562471e-01 8.706861117448055909e-02 7.484073304717055175e-02
3.780289474693415697e-02 5.423095883311743887e-02 3.281288842046809623e-02 1.110893940500190247e-01 8.931843891262632174e-02 6.595567884350084231e-02
3.829321189675896631e-02 5.514129011845784328e-02 4.564448306534740069e-02 1.022038069052793458e-01 7.854549327066004394e-02 6.672548597216119981e-02
3.813274119822589181e-02 5.498768969493612185e-02 3.466674056613978927e-02 1.047667147251646336e-01 8.236807621364827803e-02 7.009389051310564722e-02
3.727783695380024881e-02 5.209263308917553431e-02 3.653070320194859444e-02 1.001580779784959352e-01 9.094144969928390221e-02 6.381925946169633712e-02
4.018795128587499682e-02 5.373439909393458447e-02 3.428238163065603500e-02 1.025839800274214869e-01 1.002892870750999310e-01 6.952241195602659740e-02
4.007248930464864939e-02 5.439395866663883361e-02 3.422318879829671506e-02 1.048439274697463841e-01 8.822347448470455045e-02 7.371270152735370784e-02
3.891138650073581312e-02 5.398043163175535869e-02 3.302523475184844515e-02 1.042683635878465243e-01 8.643352454632072246e-02 6.466867945374077387e-02
3.759664471877123548e-02 5.467524236042206609e-02 5.106160498118104268e-02 1.096693139095346603e-01 9.147624550221800099e-02 6.882039095465876388e-02
3.824709234385133272e-02 5.230406643661093119e-02 4.876410224792959713e-02 1.066211064765203304e-01 9.225587020214330580e-02 7.017266608005368056e-02
