4.521907685608873156e-02 4.797568753299243094e-02 3.798121892101794655e-02 1.022008681141571701e-01 8.240937866087459651e-02 6.491900323473551171e-02
4.378840313908739790e-02 4.528079873037957337e-02 4.063236483139327088e-02 1.029589455635736006e-01 9.274809817244389354e-02 6.321032782501084801e-02
4.424536708169018312e-02 4.409709661522957097e-02 3.952928945672572886e-02 9.943553216825228025e-02 8.379462677936659609e-02 6.500794585097707801e-02
4.589990102758601670e-02 4.613410217164810173e-02 4.023912369573351411e-02 1.074254389306159435e-01 9.034122190832040433e-02 6.522432643891208637e-02
4.472387068593833975e-02 4.790186523461225504e-02 3.999305509636207068e-02 9.882828145053677849e-02 9.236231351575120707e-02 6.117450252374139613e-02
4.515211826031410858e-02 4.749669528022541082e-02 3.867239298016491439e-02 1.066771837116966409e-01 9.210415502879060190e-02 6.749114464963207327e-02
4.536257610585505556e-02 4.590461187638114615e-02 3.965743745572856277e-02 9.602351043432788558e-02 8.743294897951497946e-02 6.416818290498411959e-02
4.526775102296922565e-02 4.700051614701893782e-02 4.000862423401076867e-02 1.085537418420224748e-01 8.676157663650328755e-02 7.147966411358534777e-02
4.474967133038308675e-02 4.721064489893541521e-02 3.973618994095391016e-02 1.001125669085561193e-01 8.829269227459272951e-02 6.464313328726094265e-02
4.557370616561820520e-02 4.533971612238876098e-02 3.864722396017241518e-02 1.022180610114463845e-01 9.520211231374285654e-02 6.814435254900044758e-02
4.555583153108645755e-02 4.646411325474601034e-02 3.974685939313073874e-02 1.136449804799821023e-01 9.142763117274760321e-02 6.873963785661937886e-02
4.568838542396523594e-02 4.877899910008307721e-02 4.035990595854549445e-02 1.061722134671891637e-01 9.460129854863480459e-02 6.149654343005869078e-02
4.606544687871339666e-02 4.699532686456137087e-02 4.036574008273222103e-02 9.655845787518138601e-02 8.003274875126076271e-02 6.173949685195643383e-02
4.437944867044289754e-02 4.762055166293208130e-02 4.137548821146297406e-02 1.004493937734556308e-01 8.734024746492116686e-02 6.356869013641874844e-02
4.798885089615864685e-02 4.501192433760156653e-02 4.239227294959586889e-02 1.007154448593767238e-01 9.071178218867502474e-02 6.540012881844940729e-02
4.758537045406294186e-02 4.719156928926566269e-02 4.001051984780200355e-02 1.010401632402442573e-01 9.632376989938583323e-02 6.506960977515052758e-02
4.636713440310260420e-02 4.626907629824415086e-02 3.881757530624113661e-02 1.077645705293574091e-01 9.096519494980051523e-02 7.245459155872265022e-02
4.535321316372067230e-02 4.662846773189797261e-02 3.876014862698907298e-02 1.021499139313854637e-01 8.648931142604006361e-02 6.233434487617525027e-02
4.307704111350496579e-02 4.634201883445654424e-02 4.081752802218981124e-02 1.019888706714814353e-01 9.055300239174814136e-02 6.297942841464873598e-02
4.403931854890950209e-02 4.622355091346044831e-02 4.106120901080724528e-02 1.082117319929830346e-01 9.280846610119018736e-02 6.615447088710549317e-02
