2.836026068493041272e-02 5.370043977513869193e-02 1.968069088910989056e-02 2.948204229519614250e-01 2.125895332647614322e-01 2.247585250579254013e-01
3.103564682729442054e-03 5.265382525578848200e-02 1.915938890248800042e-02 2.982762478460865840e-01 2.220165204276420834e-01 2.296955083356196636e-01
2.022677532850835833e-02 5.194619879459245332e-02 1.718663798116461944e-02 3.057716742594348558e-01 2.084719413317929204e-01 2.315895665548278748e-01
6.199780460177972338e-03 4.999828992753126838e-02 7.400626309642059815e-03 2.821386554870519703e-01 2.173284523524625922e-01 2.430522662365971753e-01
2.081830715726907741e-02 6.062753854616995813e-02 1.582753582074846940e-02 2.790153440050308631e-01 2.340061929433907839e-01 2.358744429437446555e-01
3.278822932071737747e-03 5.340408644930257076e-02 1.878609718647644353e-02 3.031994146310111882e-01 2.060979234760952072e-01 2.576341411535216785e-01
3.111866509969445169e-03 5.817441106171385851e-02 1.850976235731313299e-02 3.013876390522705062e-01 1.964239926222575983e-01 2.369698567546628942e-01
2.775498075237645482e-02 5.790867210817903649e-02 1.924261227264865634e-02 2.908401837030614168e-01 2.140868845968859624e-01 2.548969059960413674e-01
2.610439153610663934e-02 5.631750516859002076e-02 2.017885625439563152e-02 3.032332360684394934e-01 2.198099157800034731e-01 2.455596456362304225e-01
6.713944198157103908e-03 4.996491702636753768e-02 4.492160553706687522e-03 3.083797072961707020e-01 2.028993187587026237e-01 2.400932789310735171e-01
5.762325407784293745e-03 5.265791910378592178e-02 1.691245090646382662e-02 3.312769941919268546e-01 2.075456757750647474e-01 2.360142570274784135e-01
3.000745079524421918e-02 5.569698300192271745e-02 2.171313281028735762e-02 2.890558832186976290e-01 1.907267929186763078e-01 2.441521106700439148e-01
3.038541418321708508e-03 5.618997195839968428e-02 4.486454821332516718e-03 2.972676179134123298e-01 2.117427877757625532e-01 2.488910070914228112e-01
3.394418567618278943e-03 5.665663067194465913e-02 5.194160824146990853e-03 2.988378370255081462e-01 2.070874222882407578e-01 2.727181619012764013e-01
5.143792074076145721e-03 5.347176863172883876e-02 1.925028937774107135e-02 3.032664507429694289e-01 1.912867421926043310e-01 2.213289375303352791e-01
4.939782230463992709e-03 5.082647048725475597e-02 1.904538550458267573e-02 3.108732045328044258e-01 2.494695593430356628e-01 2.423893242126995418e-01
3.205138498976518868e-02 5.567054460747215827e-02 2.101400847748155151e-02 2.910399229097510587e-01 2.097121269914086483e-01 2.399232221842156620e-01
9.340850952430231058e-02 4.744533865097886466e-02 1.902778264917636200e-02 2.929039009528000004e-01 2.059553072482556146e-01 2.500031754786404270e-01
2.587324867445534894e-03 4.962199352395863655e-02 4.350614737971832124e-03 2.861720981889276927e-01 2.077669381341490928e-01 2.335140991820536527e-01
1.071317954715526183e-01 5.502488360817357760e-02 2.440465842708599772e-02 2.595263829668055799e-01 1.989998080175866824e-01 2.561932423023582373e-01
