1.277085898755158343e-02 1.336398341226062610e-02 4.052533099196523915e-03 1.498282942224375969e-01 1.366832488373053434e-01 9.730651327839383302e-02
1.257223056844773701e-02 1.146562272235782109e-02 6.241635234105127883e-02 1.557902863327631782e-01 1.374327512220518133e-01 1.230866515195254973e-01
1.034931610202554919e-01 8.895416582349034706e-02 8.356468047958089465e-03 1.760601298127338621e-01 1.495240375736591742e-01 1.058104566117146622e-01
3.662102934264614695e-02 8.814907068154019185e-03 4.359750646584165459e-03 1.688837593690842021e-01 1.311057093035560006e-01 1.149997847265225581e-01
9.941933698611800374e-03 1.119861685959996737e-02 5.755733852579581443e-03 1.607095687178318744e-01 1.364821850511007129e-01 1.227099612436602649e-01
9.803810673436861439e-03 1.041447291118701400e-02 5.337844340075005058e-03 1.424516806804472513e-01 1.378654780338471608e-01 1.012810826538293324e-01
1.079209153308009067e-02 1.125154977552624697e-02 4.898676477487005042e-03 1.409665203924899135e-01 1.266025673775560412e-01 1.039834396751139894e-01
1.093449558233714619e-02 1.163816559656644101e-02 4.280569982486172841e-03 1.650693776428003301e-01 1.294312948502285288e-01 1.222303149479622292e-01
1.355203715349281857e-02 1.323957968614636674e-02 6.884938072299034983e-03 1.515120654407665357e-01 1.353073825203695568e-01 1.113863774445690430e-01
9.097087266606582526e-03 8.913688671218727641e-03 4.771351906623642544e-03 1.708976908273972806e-01 1.574237854116813662e-01 1.052909724083882087e-01
1.145398295075768756e-02 1.159741533953041574e-02 3.208056032989826077e-03 1.632479573802848860e-01 1.392699747175502045e-01 1.131599586086177306e-01
1.024917077370916980e-02 1.011580083410188076e-02 4.592870366908289106e-03 1.669511921015675859e-01 1.377836170488593581e-01 1.236977164272605595e-01
8.769116150000236601e-03 6.646702905486833943e-03 5.852218138018385092e-03 1.506906888434023373e-01 1.321693385707441160e-01 1.074377479761110948e-01
1.127390770962446824e-02 9.849496263887593320e-03 4.637068643662809950e-03 1.521054005817310539e-01 1.365497081596689921e-01 1.129344397660141802e-01
1.088138738173883430e-02 8.324913281213496691e-03 7.190734044125890283e-03 1.455618759353115577e-01 1.305987850301292275e-01 1.046288093979320932e-01
1.659542764226054970e-02 1.324248867925895135e-02 6.307976376010686857e-03 1.689944906366369626e-01 1.419758603209796688e-01 1.226272803257135308e-01
1.026480177236950737e-02 1.017526630729865059e-02 5.033044071380222452e-03 1.556274467816849416e-01 1.356039739324634563e-01 1.128481188998294305e-01
1.342550100248596744e-02 1.121713970312800471e-02 9.010342378547715053e-03 1.462333499946939230e-01 1.347899676768422039e-01 1.023121682545863609e-01
1.073069059706365132e-02 8.743658313353342912e-03 6.506266142306212086e-03 1.591265881830764561e-01 1.511171518167296612e-01 9.789891632226574436e-02
1.100428732135254675e-02 1.049972647430366841e-02 4.176900465523021057e-03 1.633685720205921288e-01 1.423016424239414157e-01 1.129007322525968637e-01
