3.302574838804211294e-02 2.728397561699817328e-02 2.784457510812172673e-02 1.370371237686132670e-01 1.213274569946771186e-01 7.793261368906707898e-02
3.489084262221800459e-02 2.874959107978811504e-02 2.781808397300336577e-02 1.479853529826657965e-01 1.424985977068452814e-01 8.961263028367649763e-02
3.564952758836546776e-02 2.883398881990107548e-02 2.788385453802936370e-02 1.491120154884196525e-01 1.370999540736197453e-01 9.919290338312689026e-02
3.177532958913457939e-02 2.816752756097795282e-02 2.933333330116275409e-02 1.516330903521772577e-01 1.287396075325981382e-01 9.158593957374082384e-02
3.049679671611677662e-02 2.790384315099950566e-02 2.724089723076404332e-02 1.679345415647441053e-01 1.374415731773456217e-01 9.457741053329674075e-02
4.111641316768778476e-02 2.885327149774483471e-02 2.785642753444417599e-02 1.588684137943486840e-01 1.264593844741879469e-01 8.413164147271269544e-02
3.438718332187585408e-02 2.745095464278291333e-02 2.822546400322088062e-02 1.690482079350233979e-01 1.423470621014859827e-01 8.280458560652552424e-02
3.921035029492395130e-02 2.962293278885552369e-02 2.795349372788551168e-02 1.542048972142645857e-01 1.314146290391023097e-01 8.131013954928299758e-02
3.271137217100216626e-02 2.802053433431885704e-02 2.842387458721779003e-02 1.442114921172503172e-01 1.247882145494850908e-01 8.252450432493069199e-02
3.829468968662085721e-02 2.942486940382946572e-02 2.870711568074955575e-02 1.464469575570345738e-01 1.194880090459260469e-01 8.261903564625323881e-02
3.745249154865645802e-02 3.035408669024082171e-02 2.769174825818998889e-02 1.320974795011564118e-01 1.110371692136113697e-01 9.559276817294776185e-02
3.111902202319082045e-02 2.785167764566498158e-02 2.819434166528392294e-02 1.649976242399437132e-01 1.345792220774913728e-01 9.322951185623719328e-02
4.197206159672020598e-02 3.128796070551471270e-02 2.910855764929114881e-02 1.528432040220186749e-01 1.190232551744406092e-01 8.778009606912423601e-02
3.114046809945423752e-02 2.834197104580897172e-02 2.703158678149819930e-02 1.491393020286821969e-01 1.396111305697728122e-01 7.843137015917774069e-02
4.177471445596208505e-02 2.914192499679143372e-02 2.874821385019923209e-02 1.432414613710545626e-01 1.308063660643843940e-01 8.753651331884297615e-02
3.019128764088580691e-02 2.634895556445177381e-02 2.519138156730895209e-02 1.646829492420943675e-01 1.427433991614285858e-01 8.507602385888278496e-02
3.043777836650062366e-02 2.791720135122764679e-02 2.768084807684151674e-02 1.384481511238755957e-01 1.327573036252668870e-01 7.962237199641816754e-02
4.024457039830751925e-02 2.980045134675296178e-02 2.738340087867474973e-02 1.738212128961775238e-01 1.436420454429758187e-01 9.071156494789535396e-02
4.084380242108865550e-02 2.949860087760558178e-02 2.765595436706079491e-02 1.548847665415855890e-01 1.371076447706646995e-01 8.435850276163964212e-02
3.545459777616367242e-02 2.795297823917736180e-02 2.724162624144998643e-02 1.794558194859300904e-01 1.506863600962001226e-01 8.917362235034229090e-02
