2.762997127995987443e-02 2.398132970090541272e-02 1.154073695059659732e-01 2.395441710216393572e-01 2.175509398086152291e-01 1.792429183051358621e-01
3.219520295511914265e-02 2.669108226358660532e-02 1.141619348751307800e-01 2.542215332254204596e-01 2.561029525470480128e-01 1.972478375669570183e-01
2.122077145847406365e-02 2.674581812151454949e-02 1.204543802605759217e-01 2.695659764765778732e-01 2.345563023263234070e-01 1.754335729421809542e-01
3.285222759608420057e-02 2.610955266349623480e-02 1.204385648764827593e-01 2.565482905038416472e-01 2.336873671341761216e-01 1.838243949161710578e-01
3.137894752938721887e-02 2.709072796746650816e-02 1.176304225791894031e-01 2.301826901394935510e-01 2.302612650808218142e-01 1.961056485707055042e-01
2.966592628915900795e-02 2.328544154958498563e-02 1.130927583408468801e-01 2.704802454370978104e-01 2.399459187752392697e-01 1.805631118906939059e-01
3.182730942989751149e-02 2.733725036902362460e-02 1.181530756380897024e-01 2.037327469039373062e-01 2.172998940645221311e-01 1.753861855735773800e-01
1.885352718410856013e-02 2.443695544235240449e-02 1.209997835527064913e-01 2.348122900846794925e-01 1.895718889504154070e-01 1.655892898217438958e-01
3.012508839249047887e-02 2.908799767514533632e-02 1.160398856599329925e-01 2.475322351168724178e-01 1.963549331726209823e-01 1.812691660383977388e-01
2.854324441063407769e-02 2.440525634101019248e-02 1.211236768296206218e-01 2.442101859590829760e-01 2.285806400294719543e-01 1.955233302902662784e-01
