1.240249271193882841e-02 8.003151851829894831e-03 4.568345735566469411e-03 1.632069414116927852e-01 1.612784896542845958e-01 1.100223391412608609e-01
1.701526156209843751e-02 1.048252957973084404e-02 6.587137420807745274e-03 1.861072151632427729e-01 1.946934744584373489e-01 1.055066561308461437e-01
1.145340449255358682e-02 7.210960088562897233e-03 4.500824277596713469e-03 1.886755044669368719e-01 1.844209984271490410e-01 1.061766616862747648e-01
1.056706364152135841e-02 6.834825075548499849e-03 6.074355914489680194e-03 1.797335544736828605e-01 1.828044804090587505e-01 1.042092458864996712e-01
9.170722462028895253e-03 6.897279096805229714e-03 5.366605185180287757e-03 1.910322642942159088e-01 1.690808287592132364e-01 1.141551735757174446e-01
6.431968416292909579e-03 3.669842368125343125e-03 1.979371378508065337e-03 2.079756074484776229e-01 1.990706831488581741e-01 1.109192582470924227e-01
3.086246381442063480e-02 2.246106092459977666e-02 6.010578414050639189e-03 2.191861709132441327e-01 2.167986341124860383e-01 9.391120388512863570e-02
3.734308799111259788e-03 2.663177090260870905e-03 2.340633314702414251e-03 1.930847295586660683e-01 1.831448501485612446e-01 1.123103983086665286e-01
1.175094774467805650e-02 3.300037058086446179e-02 5.089679882172599458e-03 1.800714761676506515e-01 1.997867213471569148e-01 1.065141573336599590e-01
1.190633613790463043e-02 7.091821159511770868e-03 5.269299762562217222e-03 1.874050543820617309e-01 1.655667052799250083e-01 1.117539272938860434e-01
