3.119648163531152374e-02 1.809967486799252123e-02 1.360453857014013238e-02 1.611742871640150787e-01 1.572772212927580349e-01 1.222380420958087410e-01
1.782684621946028780e-01 1.985894277376579892e-02 9.610975741304821074e-02 2.513658534035816405e-01 2.038252544668695265e-01 1.447114107812479122e-01
2.743566428741940968e-02 1.512862946874034276e-02 9.299773302145653009e-02 1.944863743599294093e-01 1.927612417148003021e-01 1.487862121159723716e-01
3.150964813451527513e-02 1.946574005384813302e-02 1.613432680893969046e-02 1.846114592363393148e-01 1.897700389841489310e-01 1.183236383754379950e-01
2.771858519290523043e-02 1.743572352170690010e-02 1.455406254114898108e-02 2.064722061081024074e-01 1.727266850058800096e-01 1.311633667287054605e-01
3.204679640150996656e-02 2.175843875844116204e-02 1.290854360912790932e-02 1.982229918922451817e-01 1.836858061589075886e-01 1.182193833267676658e-01
2.565260705482003828e-02 4.597420658236958668e-02 1.165166141375591387e-02 1.906014703831754864e-01 2.407337527193714743e-01 1.104581068854452452e-01
1.925554845830971737e-02 1.064026814688709410e-02 9.734644654358977356e-03 1.968559715646699959e-01 1.913555092088167486e-01 1.217334403628179962e-01
2.961841631087317600e-02 1.972522003478748703e-02 1.414252153546935280e-02 1.793337365470676070e-01 1.828239211601846159e-01 1.142935828567068629e-01
2.229532757079577890e-02 1.350688927267564704e-02 9.971325056025387087e-03 1.956278682626463039e-01 1.894924110150884577e-01 1.249519957493270411e-01
