1.804258641552751452e-02 8.417854595780175850e-03 1.320709993344352942e-03 3.094397642791256731e-01 2.681014045120399536e-01 2.244109728493395572e-01
2.350415735146981280e-02 1.097297598151600155e-02 1.214699500563622830e-02 3.087332986367911092e-01 2.969430742190369288e-01 2.273495429556429415e-01
2.304404812819347767e-03 1.202886837918833510e-02 1.134501276884854887e-02 3.031617902281430466e-01 2.624135849556227806e-01 1.968604428533609618e-01
2.625901338797735629e-02 3.330446707232492982e-03 1.678418630714173694e-03 3.136154604651719691e-01 2.594103315575325697e-01 1.997137766718189711e-01
2.676584200149286635e-02 1.400909843956321156e-04 1.532556723309979121e-02 2.834938800562615824e-01 2.825404200054159043e-01 2.256999356647103050e-01
1.832246234788681774e-02 1.497635751937748214e-04 9.344590774218350729e-03 3.093343658970257315e-01 2.568095884134728446e-01 1.894883900960558087e-01
1.151149395348211903e-02 1.383958203854837241e-02 4.951303000549111752e-03 2.722464982962920499e-01 2.445615033079422407e-01 2.251502014372759319e-01
1.792486219259685530e-03 1.111501311399553348e-02 8.692663744368785139e-03 2.590243028014768689e-01 2.120933526273588721e-01 2.167118637074524345e-01
2.201209984617436000e-02 1.238971439565319556e-02 1.235870113737990231e-02 3.067236884908143835e-01 2.254558368663492907e-01 2.307193261864974865e-01
2.063782543148047835e-02 1.187227630559560196e-02 5.013958915612842272e-03 2.962605267890749960e-01 2.499177406427195713e-01 2.244148578727141741e-01
