4.386926529881229886e-02 3.936259842851653340e-02 3.903446222606517246e-02 1.385509627205845085e-01 1.043186315815169823e-01 6.808801167340049199e-02
4.323677925061219368e-02 3.796233827486946572e-02 6.705953260875766042e-02 1.397269597039445532e-01 1.099938607458854217e-01 8.881597198547713790e-02
4.171557675593973863e-02 6.614384251283082772e-02 3.701424295782156093e-02 1.350105155616090069e-01 1.400846210115745949e-01 7.512247983218857394e-02
5.723437445387640626e-02 5.686894850343172242e-02 6.769543094903150704e-02 2.017709223397034790e-01 1.229092410500934734e-01 1.008155245675500661e-01
4.346133846283797841e-02 6.110548109674122236e-02 3.714469807001455348e-02 1.496881914322539531e-01 1.286470550359335718e-01 7.919762435165046688e-02
4.272734628942714830e-02 5.815511492217184664e-02 3.816890396225897791e-02 1.239748362847460095e-01 1.270411197490148303e-01 7.895622666688403846e-02
4.543693762028371691e-02 6.246217508598004425e-02 3.993941541009268098e-02 1.518397730616190544e-01 1.468912298865780175e-01 7.624503897972149946e-02
4.199435550726722532e-02 3.908294870728282189e-02 3.851670449913208172e-02 1.327336122239561877e-01 1.002618591863697062e-01 7.300656390966948905e-02
4.320883966329197579e-02 5.681733920163541118e-02 3.698074400210137752e-02 1.438076578549130624e-01 1.402408654244740871e-01 8.315992059464587249e-02
4.136460610290331602e-02 6.196380357390795374e-02 4.196091559626969475e-02 1.552196856107266321e-01 1.251389673719758566e-01 7.454034680541979374e-02
