3.357041142276161877e-02 4.953559294575884953e-02 2.846787618078767609e-02 1.274344792391774728e-01 1.325725284702679863e-01 8.768666308269931764e-02
3.317900173559999721e-02 4.822057848837500021e-02 2.763609718755765873e-02 1.559947077898714840e-01 1.429262233891042122e-01 8.498338537267659254e-02
2.926876686395410432e-02 4.436451916011727170e-02 2.653983545602297059e-02 1.509935194648288626e-01 1.330484859851354673e-01 9.993513754625714396e-02
3.062703454790880256e-02 4.341234960538490478e-02 2.711527644347381388e-02 1.514783906950041559e-01 1.405766943356127063e-01 8.840253693903799004e-02
2.911822723033214919e-02 4.332112359079898223e-02 4.185953456653234567e-02 1.681152589339525716e-01 1.389734561560455051e-01 1.040353514298328619e-01
2.899392410066569878e-02 4.320645095688220583e-02 4.011651535478569924e-02 1.497266626623760533e-01 1.192042388812738357e-01 9.002147011367314655e-02
2.827290531162353696e-02 4.536249446561645138e-02 2.789940848282874628e-02 1.752141600539341426e-01 1.404636301256821096e-01 9.499604485268443865e-02
3.433588756309481627e-02 5.180956804812780758e-02 2.841532771752611902e-02 1.713723448294042773e-01 1.305092690754163509e-01 1.062791916775704948e-01
2.967376158770206745e-02 4.536267122997549028e-02 2.690956388041516878e-02 1.553622679332894441e-01 1.201563279727572292e-01 9.559022649532263050e-02
3.213679918927349333e-02 4.917390103587020861e-02 2.832880966602965844e-02 1.648349911332163964e-01 1.236903614559415887e-01 1.002402453441508107e-01
