5.568872070689270121e-02 5.033508868686244891e-02 5.060629339126550968e-02 1.460131426609491134e-01 9.834075118674603933e-02 7.577987561568166885e-02
6.066900719936819258e-02 5.099541094804357216e-02 5.164562411228546673e-02 1.480658704697558614e-01 1.054426052322008367e-01 7.285270528675130697e-02
5.174020106657752777e-02 4.953367431024353201e-02 4.824084665949190942e-02 1.477868232453247443e-01 1.157058148758930427e-01 7.495860550155510060e-02
4.950009618844689041e-02 5.099123418828015175e-02 4.588413221283718646e-02 1.514618483121677461e-01 1.078272943313820925e-01 8.135509311240440855e-02
5.485982276884580899e-02 5.055848345726588616e-02 4.845673389518273533e-02 1.530011896470592492e-01 1.081225419727496195e-01 8.726359071898898145e-02
5.284583824719316786e-02 4.727585833552624267e-02 5.211336135692794941e-02 1.420626727893117280e-01 1.093635340515573262e-01 8.008810936617531684e-02
5.808503325519118882e-02 4.854545937389490029e-02 4.763329394702069813e-02 1.650440037523631942e-01 1.201173932189011084e-01 7.864050003747909134e-02
5.890796285192386600e-02 5.019131528517833257e-02 4.971619881217659298e-02 1.488015681109114696e-01 1.019374287790995315e-01 8.285094203383418232e-02
5.806983660227955230e-02 4.811327646622536036e-02 4.989768722804784756e-02 1.555498891277590501e-01 1.210752134202578018e-01 8.103233570240342409e-02
5.239703992724282361e-02 4.603599748486000842e-02 3.689328639219626588e-02 1.570227277544363476e-01 1.110181138651617772e-01 8.357268594126525396e-02
