9.471059030317800559e-04 1.318064840907412147e-03 3.846055487884546156e-04 1.523366783331493168e-01 1.280416026873417712e-01 8.223329587901101467e-02
1.836424993565083374e-02 1.314501216795494615e-02 8.661256935255250838e-03 1.586787340625646636e-01 2.053037676942909007e-01 7.817937485525218444e-02
1.278230467505758218e-04 8.271915541922789770e-06 5.742198453022047644e-05 1.471903540649927011e-01 1.266730254820129520e-01 8.108142350708427704e-02
1.438988218344496028e-02 7.162196035228281243e-03 7.227285144105330926e-03 1.510460480343188971e-01 1.304713917639450937e-01 7.868974585325043403e-02
1.438967547642542449e-02 1.053919395394164495e-02 7.227284921856655733e-03 1.613722694054809947e-01 2.315560208012924781e-01 8.568094560473532573e-02
1.134069393655523896e-03 6.167002875961781830e-04 5.197647323605739111e-04 1.853162133402824208e-01 1.443933315686690977e-01 9.402815502464831332e-02
1.831101235793419421e-02 9.715691100939984060e-03 8.653536246410513388e-03 1.498333506309581231e-01 1.303640224931227887e-01 7.685089488053276074e-02
6.238506626931766483e-03 7.536286371438842904e-03 2.996287982988021098e-03 1.936098742302848896e-01 1.837511709643069313e-01 1.012898248126773981e-01
1.132491774424995365e-02 6.564883370059986650e-03 4.759803485982843328e-03 1.379039704035400493e-01 1.244254717227005202e-01 8.510199303334287091e-02
1.132611620449020147e-02 6.566131995703050617e-03 4.760135129152078329e-03 1.814385010240867069e-01 1.294827108181160202e-01 9.388198166124060717e-02
