4.738593093630575487e-02 6.545604321311096485e-02 4.054335404811396787e-02 1.346132863386721168e-01 1.115894264285949150e-01 7.473097386028836053e-02
4.348069174827433325e-02 4.013288276009482208e-02 3.761008186257008834e-02 1.495266176953043702e-01 1.142070638570816393e-01 8.600072526664376271e-02
4.268697683261878789e-02 4.192355201058223929e-02 3.779742047397050692e-02 1.422087411674795021e-01 1.081838539388161602e-01 8.780977165509237792e-02
4.279380257305338137e-02 7.001413738632891737e-02 6.390319416387839346e-02 1.538690768539351383e-01 1.248916528307922741e-01 8.934865192785068633e-02
4.351539432934383583e-02 6.397930760746789458e-02 4.048867671748439950e-02 1.244390979525008128e-01 1.132063823777895439e-01 7.085777526313112584e-02
4.594712058452688624e-02 6.738914182818422915e-02 4.358787359452942489e-02 1.481508535292936912e-01 1.099346379384110450e-01 8.690854234342657025e-02
4.044423971935365986e-02 5.957161223875673262e-02 3.771799008085083282e-02 1.333114616982447598e-01 1.126713169565417699e-01 8.194821237594386576e-02
4.436097231190058721e-02 6.123395178883794115e-02 3.714227655116001531e-02 1.389641349071465970e-01 1.194681524314434307e-01 7.730873219672886043e-02
4.369160647835067940e-02 3.909420959613241903e-02 4.054288044456111351e-02 1.490347733285598553e-01 1.250947258296871978e-01 7.581818778153265326e-02
4.297969725196999768e-02 6.629484701799005786e-02 4.046642551727847037e-02 1.387685622082305004e-01 1.361331329441234639e-01 7.542449211717260071e-02
4.720702019249914394e-02 4.086552865138354945e-02 3.846191669583066963e-02 1.131066077728365288e-01 9.348686839460183806e-02 7.376987666488390993e-02
4.641131343859347669e-02 4.481633991852890242e-02 3.907475760484092897e-02 1.324155801461333326e-01 1.038169158264042047e-01 7.023640145191073492e-02
4.847386153728623637e-02 6.617337619896920820e-02 3.858656196000977145e-02 1.374458348266946184e-01 1.003482197212765964e-01 7.260913599284284092e-02
4.331246947553569343e-02 6.618763393489571212e-02 3.947375206925329838e-02 1.336942906085492322e-01 1.158984335147026090e-01 7.396787651167040234e-02
4.486268013454106085e-02 3.832819757894669055e-02 3.805603549361766952e-02 1.469536393244998407e-01 1.145830555468525663e-01 7.755018043898694036e-02
4.501281819830164205e-02 4.167818121128037678e-02 4.429371999780813696e-02 1.468831428745760170e-01 1.125860738503539071e-01 9.210175809253576262e-02
1.671517499486166458e-01 6.049083536391310773e-02 6.323365301004789385e-02 2.309299661188599084e-01 1.555380446851181431e-01 1.028729418620539793e-01
4.424160914853152854e-02 5.721488049962864669e-02 3.933931176739934726e-02 1.508428475719372219e-01 1.556576237802150819e-01 8.628454712787970993e-02
4.168442409526815218e-02 6.360486453289959652e-02 4.058226294746192231e-02 1.223266928895194727e-01 1.222528738376447155e-01 7.390723661016074253e-02
4.511387269911273229e-02 6.726719380518217384e-02 3.901088544915733841e-02 1.610650281854228150e-01 1.263879940663430179e-01 8.237126472977847336e-02
