2.799435387567824479e-03 2.175720575450609817e-03 1.517687511580218277e-03 9.662337030056393494e-02 5.943299919782588092e-02 4.313338314341506885e-02
1.692131235146190557e-02 1.039016462951184404e-02 6.792246817370073582e-03 1.113582347166706815e-01 6.449296170977118769e-02 5.114660961548837120e-02
1.554528508166206843e-02 9.037061841000421092e-03 6.689163685377773338e-03 1.462073870619352289e-01 8.412660760412599137e-02 6.469689491878621856e-02
1.828896634880847541e-02 1.096742303066427712e-02 7.582577711422559819e-03 1.004710883993137766e-01 6.088264637231239479e-02 4.628073273536752186e-02
7.121838465482826890e-03 4.132290962370701627e-03 3.375663942406467201e-03 1.095209651391270134e-01 6.768554327531245418e-02 4.667188084512466362e-02
4.186852632941035976e-03 3.117912978120581085e-03 1.206629044365578780e-03 1.118447412181325790e-01 6.719174722878414052e-02 5.155763768497685640e-02
1.517799159553472402e-02 8.788485976227429150e-03 6.595775840894529257e-03 9.301948272123941597e-02 5.428899408337525823e-02 4.513518553522794657e-02
7.893272161573797532e-03 5.622765448123377870e-03 2.981328867618021801e-03 1.026451463486119930e-01 5.579137394486255452e-02 5.072295481385105664e-02
1.549769145818427792e-02 9.118817624303316924e-03 6.523954668824918403e-03 9.360792470572792956e-02 5.475559199088053663e-02 4.456147263505000344e-02
1.735335693967991755e-02 1.052813795861275679e-02 7.048835520894130603e-03 9.651330948037847857e-02 5.716843527882836673e-02 4.549378894463341344e-02
