3.898473397439832004e-06 5.380532416912422626e-05 1.808042509602937353e-06 7.562255754688587683e-02 4.254541113468484487e-02 3.776808067101670302e-02
1.483785223242878488e-02 8.601821455133848091e-03 6.236198805179104902e-03 9.806220118635579353e-02 5.732977765928565228e-02 4.413088726874195983e-02
1.483785220003099731e-02 8.601821451126914417e-03 6.236198774476693803e-03 1.310273121161928678e-01 6.997477692463731358e-02 6.366103137363159081e-02
1.483785246490104681e-02 8.601653576457464132e-03 6.236198919165396662e-03 1.010577824963186794e-01 5.725696799899138850e-02 4.911298601308883988e-02
3.835838440240251870e-06 2.198516469130653269e-06 1.739567774571849761e-06 7.692625969911130734e-02 4.495765811839857323e-02 3.623745626742982950e-02
3.706063843041335418e-06 5.760096591773196557e-05 1.732921764254975051e-06 1.071688568312081369e-01 5.770391321641952370e-02 5.344265602720404268e-02
1.483789614871386560e-02 8.601679551584270542e-03 6.236198845499265307e-03 1.026325299026110971e-01 5.429232003109715765e-02 5.270038297503245456e-02
3.690901663266353040e-05 2.060190804320294455e-05 1.740388891359599509e-06 9.710592724046324120e-02 5.419935567529731574e-02 4.664626133139967989e-02
1.483785235608078151e-02 8.601821538631940212e-03 6.236198846016828730e-03 1.062395670152685156e-01 5.709104822174152633e-02 5.265566198797178021e-02
1.483789868974778013e-02 8.601847696365802834e-03 6.236221912723900924e-03 1.006677585037471095e-01 5.349623862965584287e-02 5.176913182618005094e-02
