4.558068437061500028e-02 4.026609989921053206e-02 4.903527902421569301e-02 1.063405868123542125e-01 6.529370246930556176e-02 8.239881997861589480e-02
6.499406637735848091e-02 5.275661289147430544e-02 5.153082578014257786e-02 1.416813406051423418e-01 6.539949885341425628e-02 6.734675063583762944e-02
4.933092359271545185e-02 4.103045082109929576e-02 5.430621316065605692e-02 9.045599587763138161e-02 5.220567825691491831e-02 5.764128609388237401e-02
4.572025680560285604e-02 4.257641114791652776e-02 5.426887488447153934e-02 8.930133441359394686e-02 5.080027940840891459e-02 6.246353902335736313e-02
4.797477281708550229e-02 3.608411195933448889e-02 4.897096799393128169e-02 1.188200955116894553e-01 7.273943184631016801e-02 8.302606689663639961e-02
4.046462168913145252e-02 3.744509494606036715e-02 5.245379918291628862e-02 1.244403127720486585e-01 6.240784316594831516e-02 8.407901444816981429e-02
4.879914080188323122e-02 3.869671480923995988e-02 5.313965041703765796e-02 1.032679862492911355e-01 6.204298175316120406e-02 6.526992584627923366e-02
7.239117234454373051e-02 4.083874154591021766e-02 5.408587491097369138e-02 1.377724553860538159e-01 5.517412718613221717e-02 6.535452948816868057e-02
4.515994770440161232e-02 3.867220265043773419e-02 4.821638845006461643e-02 1.224259040690164335e-01 6.799400243059625093e-02 7.595783485162498072e-02
4.434309185490365596e-02 3.871711255833477222e-02 5.252935396895644371e-02 9.502942487269730454e-02 5.708876226499923906e-02 6.620425926438201769e-02
4.112868705075934522e-02 4.123621174214157220e-02 5.408090214241106919e-02 8.366601194285143428e-02 4.763460959890291474e-02 5.988035497072515673e-02
4.635002662047345290e-02 3.993178377166205911e-02 5.628233509089108910e-02 9.516091905955791075e-02 5.558038612948282969e-02 6.763846546104122781e-02
4.481595505327312656e-02 4.024989429408329378e-02 5.567124060938014041e-02 9.666045230431286051e-02 5.634871043758418047e-02 6.243992820363021556e-02
6.638693187469414669e-02 3.759128422104224265e-02 4.975338090183487050e-02 1.406192915015891665e-01 5.904122019812379357e-02 7.130897474822336934e-02
7.535710095301237366e-02 3.810136140550125783e-02 5.742895598189927397e-02 1.233892692101102445e-01 5.525115241344656647e-02 6.469084398414372272e-02
3.931376251843834990e-02 3.524710742396192087e-02 4.946516335002187903e-02 1.195510686079329088e-01 6.300594083700702952e-02 6.772212990091039386e-02
4.557481434670675180e-02 4.022572963035694893e-02 5.092339598481041701e-02 9.831902912575046782e-02 5.767478491176487171e-02 7.379579577946707158e-02
4.893988838590018764e-02 4.126073267405085815e-02 5.214190996589821575e-02 8.293918353678364497e-02 5.571176803035766262e-02 6.887471310355357257e-02
4.473652382679774858e-02 5.274889270222811455e-02 5.425657454346760611e-02 1.067200991563597573e-01 7.604306448654626904e-02 7.222812349675952759e-02
4.657283948871279722e-02 4.139943091186711749e-02 5.449418974474885824e-02 1.023470745768457202e-01 5.374174729050949090e-02 6.717475190811163233e-02
