4.622931015244697434e-02 4.089273977158244117e-02 5.296813822054614179e-02 8.821795413219567228e-02 5.626400561651741933e-02 6.572044799755903666e-02
4.679661726107347403e-02 3.835640744909340344e-02 5.401522404092416740e-02 9.893065715691011508e-02 5.827985896822543421e-02 6.809711223664847990e-02
4.744980953531614809e-02 4.012761536590922495e-02 5.052412934222225843e-02 1.127399485171738658e-01 6.809901991805422661e-02 8.165467592775957351e-02
4.865748541912590791e-02 4.265043868359548462e-02 5.058478398245015717e-02 8.508689407462781407e-02 4.973639021511472302e-02 5.185354302301287827e-02
4.663725196004201573e-02 4.134874566338808677e-02 4.589048049806959684e-02 8.289560209486861175e-02 4.420733172911563841e-02 4.375925741055550211e-02
4.445990630929236298e-02 4.033391083225042195e-02 5.064381581483393124e-02 9.587577373869968222e-02 5.328516306325375984e-02 6.157914326202344052e-02
5.066125630407374014e-02 3.893117363428754557e-02 5.271545474677679505e-02 1.131391174685068834e-01 6.915085882096751180e-02 8.527031723310554701e-02
5.159540272969628111e-02 3.991789787221994290e-02 5.535226924042083857e-02 9.268562948975998805e-02 6.320880315987818798e-02 6.995145404277780532e-02
4.704462428740958241e-02 4.193600912391876739e-02 5.049984843388899414e-02 8.921408882831920184e-02 4.685666201073330345e-02 5.313113815320354844e-02
1.225994371060939031e-01 3.749062105671664702e-02 5.683027440860239504e-02 1.482301038476935007e-01 6.762129632657826184e-02 7.107162950209514052e-02
