4.186023762000951054e-02 3.818288611928006421e-02 3.698310133777538838e-02 8.925953923474103102e-02 5.778702929064713500e-02 5.184744043436741168e-02
2.999213047107470928e-02 3.621011800780819107e-02 3.533009913821316683e-02 9.943445146477325469e-02 6.010665807214922440e-02 5.049417823238928210e-02
3.036149339113748680e-02 3.301804681530099567e-02 3.595749831158508159e-02 1.216361636483445918e-01 7.064562874926770542e-02 6.014010313158055926e-02
4.500156198247950989e-02 3.823645435158435496e-02 3.589868171710572375e-02 1.162346011764543025e-01 6.485228522748247293e-02 6.030253195666340771e-02
2.822905746956050343e-02 3.221795627186354455e-02 3.100976915054858007e-02 7.964810856815329743e-02 5.114693503488649401e-02 4.111940425540301647e-02
2.805740282309136802e-02 3.600860473742488466e-02 3.549812025872103177e-02 1.090565626143335659e-01 6.352451909549354514e-02 6.049981135187329495e-02
4.319512692136450588e-02 3.736245460318138312e-02 4.575448206764064218e-02 1.256863809211232474e-01 7.396962825321203028e-02 8.330038337930682768e-02
2.909059937856818545e-02 3.693313340100908004e-02 3.622862920428519123e-02 1.043560726289678442e-01 6.589403414847129492e-02 6.233573292179342418e-02
3.103937239354021688e-02 3.861290126214475538e-02 3.707442893283441343e-02 9.411619567685756971e-02 5.302842355645642769e-02 5.042470348288423387e-02
3.266558485157022851e-02 3.775569775945091661e-02 3.483597095798381810e-02 1.141513915828255149e-01 6.973742782427906628e-02 6.734375104644435561e-02
