4.249633218959761316e-02 3.908388258737325455e-02 6.010563175432326322e-02 1.420931861721035638e-01 8.100104015169051763e-02 9.756425110123727318e-02
1.040274786492118159e-01 6.989460142886239069e-02 6.114922552055507970e-02 2.242518297912781955e-01 1.181156073902082382e-01 9.389414048162193771e-02
4.844541296167009792e-02 4.044524235695708819e-02 3.904308997766771372e-02 1.723549064937583697e-01 9.829551912536996228e-02 8.205682828076781010e-02
4.115246657432562738e-02 6.352310048578656276e-02 5.975369665567388522e-02 1.529718395119658569e-01 1.270553836592043240e-01 1.003073738393405745e-01
4.736550729335705506e-02 4.114563121595431888e-02 3.955411552259231744e-02 1.574631916337297377e-01 8.923940239839661670e-02 7.389723579090731742e-02
3.908690970771638157e-02 7.058903252721114574e-02 6.626060952893740585e-02 1.663492165673309819e-01 1.231522012386147835e-01 9.254825056277229955e-02
1.162050933182906254e-01 4.040760373526484928e-02 6.381137792541682896e-02 2.120157931805533857e-01 9.532454043127526477e-02 9.666313007796772938e-02
4.676372908746122964e-02 4.039910841939463315e-02 6.462761336906643062e-02 1.652108251748269363e-01 8.663731660462910267e-02 9.261832637099898236e-02
4.319129387260902536e-02 3.878490929032815671e-02 3.627474422217794037e-02 1.774972425598337344e-01 8.917435716430337223e-02 7.863074677380653410e-02
9.128969567782461991e-02 6.535387065129291684e-02 5.878599996649727655e-02 2.518391755173631785e-01 1.325745006419477845e-01 1.044583659043249735e-01
