9.284559396545666267e-04 7.494938479093460901e-04 6.989445538746421769e-04 8.603089979583006253e-02 5.217735554992111030e-02 3.955697144783815872e-02
1.507424716268929155e-02 8.828660156162621356e-03 6.276511745192913695e-03 1.055287894017672701e-01 6.047058383693201811e-02 4.923258171982040909e-02
1.487548617406508726e-02 8.640210393409373385e-03 6.265564361620049386e-03 1.470020544941902929e-01 8.373168448412980636e-02 6.562265011448639718e-02
1.508830107737328327e-02 8.853872205178421606e-03 6.270276200603237989e-03 1.028315563442634140e-01 6.017028808124712247e-02 4.877881309016407485e-02
1.019492550197341777e-03 8.569828480373068835e-04 6.950023021616605042e-04 1.039014730887017346e-01 6.302434286989193335e-02 4.555997883382256752e-02
2.607219082183614978e-03 2.019518542817227459e-03 6.574958251715847272e-04 1.006454879806181896e-01 6.017016176578094538e-02 4.744341875775635875e-02
1.486353898437804688e-02 8.633292562769307593e-03 6.244328218282292793e-03 9.329690706721960325e-02 5.384079393782164463e-02 4.555108252224496918e-02
6.279677851861764941e-04 6.501270756476134087e-04 7.821301060358940894e-05 9.875490212638624032e-02 5.359108211801069666e-02 4.914496002113795392e-02
1.508401265140378415e-02 8.838319747010334529e-03 6.273337333044700682e-03 9.120137402508012026e-02 5.082866492220532162e-02 4.554885228789147533e-02
1.487653881636343857e-02 8.646222130798651706e-03 6.276812459292976584e-03 9.948690273934594763e-02 5.712546693801418690e-02 4.779389491125399236e-02
