5.315266479226742058e-02 4.386861766852571953e-02 4.201617037009970634e-02 8.883138725649369905e-02 5.991180125025869635e-02 5.244634097936707456e-02
5.432546871754844603e-02 4.396424436981571926e-02 4.326843958558277553e-02 9.163092746434117752e-02 5.435545594113081608e-02 5.366672392034162881e-02
5.021928873101420138e-02 4.349075270072967625e-02 4.280550505480573004e-02 1.155314783368738274e-01 6.641248333095889356e-02 6.863674328930136070e-02
5.593467571090943863e-02 4.713275810921647296e-02 6.045457319019289372e-02 8.606384898008948015e-02 5.096435315670335559e-02 6.893673031102706683e-02
5.370820691103914135e-02 4.616796399450447813e-02 4.381469305941304571e-02 7.301131747150083062e-02 4.555885356884687570e-02 3.719935212548364928e-02
5.049854718220160577e-02 4.542392544539607113e-02 4.442690473286085157e-02 8.368487745942956857e-02 5.164987450943352848e-02 4.686454810434374785e-02
5.917727009170313524e-02 4.224618401816849361e-02 5.825697417855994070e-02 1.148278544177515487e-01 6.747756945930520611e-02 7.828196729698365386e-02
5.654734924928259132e-02 4.328113730596224590e-02 5.780483334122894779e-02 9.305764900975085907e-02 6.666141265151342976e-02 7.757458540954718929e-02
5.376642786501090177e-02 4.753029231130417170e-02 4.420822188746122844e-02 7.481667371342726192e-02 4.820547857993313923e-02 4.654081607190165698e-02
5.735706122250719408e-02 4.191223498066814351e-02 4.182987144678305264e-02 1.023274835744098915e-01 6.596519743810271008e-02 5.680654340544308983e-02
