2.325212106431539909e-03 2.071094643142362343e-02 4.867138263319473190e-02 1.669484515147214021e-01 8.324144632021021617e-02 1.147611096995470176e-01
1.150305862513041483e-01 6.355660062281161260e-02 5.220495352313427040e-02 2.428412907629183826e-01 1.353726077641761449e-01 1.109882787845975910e-01
4.230538851800167560e-02 2.293759206618250709e-02 1.953715556232632489e-02 1.866326145250543911e-01 1.076279355301456159e-01 8.410138946563372464e-02
1.483995584807996232e-02 8.602714569984928200e-03 6.341341860936241040e-03 1.690624363033083888e-01 9.212717398670167146e-02 8.314868502856243015e-02
2.361142869622111402e-03 1.239806548580499909e-04 1.909436402232361774e-02 1.687712739707146747e-01 9.722550384843560434e-02 8.010185022637283936e-02
2.579339738805184936e-03 1.419542428635530047e-03 1.400935094716044237e-02 1.977200526764617272e-01 1.083190473194604597e-01 9.436305915589106308e-02
1.262918690443757819e-01 7.058020369467689348e-02 5.649771330333656916e-02 2.294792178631960278e-01 1.265015397169230449e-01 1.093015659241766552e-01
4.403298255438431452e-02 2.462181497879080069e-02 1.987992839040287132e-02 1.772094646012780939e-01 9.695679682667861232e-02 8.490785560314489944e-02
3.623835382306547087e-02 2.041208443467932773e-02 1.622599846329609088e-02 2.050762887363705989e-01 1.148291519417903445e-01 9.466881282889919036e-02
1.042609117481541475e-01 5.701626066359653799e-02 4.799507440881786713e-02 2.575665824813976323e-01 1.440309124170544575e-01 1.185026284452787571e-01
