9.555482079458916811e-01 9.752729752149753573e-01 9.682532261949953201e-01
9.504035838506885714e-01 9.426532095600403949e-01 9.729642218214700211e-01
9.555382069175525350e-01 9.749688780401071231e-01 9.692305285216198385e-01
9.550455780029228903e-01 9.749688395969893229e-01 9.708997102504396404e-01
9.454996411745990592e-01 9.161307639861796526e-01 9.674327577595805971e-01
9.311788617943353996e-01 9.682446303202387750e-01 9.579815420996170561e-01
9.569108433021060733e-01 9.731029477665855687e-01 9.739165287685811467e-01
9.313844154685744225e-01 9.513929888370671328e-01 9.556575043616474252e-01
9.619827154479647646e-01 9.756623029482561771e-01 9.644015832205972139e-01
9.413302239578212882e-01 9.748572284297704060e-01 9.598299505463714354e-01
