9.513145988305734546e-01 9.487317957307583871e-01 9.626354588391571321e-01
9.485389274789570724e-01 9.462250632351180135e-01 9.623408281140748421e-01
9.457911250443951090e-01 9.517802985195091825e-01 9.611723304603723150e-01
9.489608262765243385e-01 9.527734998102638242e-01 9.651913483165271979e-01
9.357733730131496674e-01 9.461683427682183734e-01 9.561685090750225990e-01
9.363162590140821084e-01 9.460146235344428778e-01 9.582656129840048109e-01
9.374167665145390904e-01 9.468437877814365189e-01 9.632482326556900398e-01
9.402757038217144370e-01 9.531822724112340994e-01 9.562671582089516953e-01
9.495841547091705692e-01 9.540604532788421466e-01 9.592629700312224061e-01
9.430593379821375910e-01 9.498296434988711123e-01 9.581014938424655680e-01
