9.672967129018347210e-01 9.740138761130199274e-01 9.780723179282081459e-01
9.724520012449817674e-01 9.710701232462928267e-01 9.842605818967322673e-01
9.739889002869984713e-01 9.780829473323423562e-01 9.846727374353559936e-01
9.763631001714468960e-01 9.704389607099578319e-01 9.868468382687248797e-01
9.648701548197022859e-01 9.665609692128355190e-01 9.809899933384401693e-01
9.683263442541198973e-01 9.717010866659218093e-01 9.806779062229958877e-01
9.688343958328360372e-01 9.736405981135342058e-01 9.809497780704742320e-01
9.728808242251401062e-01 9.662807389843872663e-01 9.779948581808164398e-01
9.732421282283210129e-01 9.739169147785485814e-01 9.832721825107749725e-01
9.687862713819281879e-01 9.690603610901450393e-01 9.851835029761962792e-01
