9.844303010260362363e-01 9.833779159799648228e-01 9.816846098054448078e-01
9.750854482582730354e-01 9.714303899613603299e-01 9.761088697400894798e-01
9.593652353596843207e-01 9.601077872245555866e-01 9.561829309276983491e-01
9.732007231596602193e-01 9.703481752247580250e-01 9.708986516617501561e-01
9.837881242985270225e-01 9.808391975132263463e-01 9.835813637082396754e-01
9.681306865921879279e-01 9.682651402946487185e-01 9.634979004247347101e-01
9.733341420974644942e-01 9.744781576840048087e-01 9.673016800892839662e-01
9.731403865010225251e-01 9.714464097586487101e-01 9.711481363849492343e-01
9.717859293058577208e-01 9.714481021212273415e-01 9.688825311068294255e-01
9.744740491639204416e-01 9.756689595023281258e-01 9.682621770719151977e-01
