9.481401523071408821e-01 9.621492455006027678e-01 9.219624590221633387e-01
8.832195626398358090e-01 9.420608609503998698e-01 9.053329170196952047e-01
9.161114641311495221e-01 9.391014526185240685e-01 8.968660164859960648e-01
9.333219975979405447e-01 9.464156048345070404e-01 9.386251366036496568e-01
9.122038464970181337e-01 9.519306388591433077e-01 9.209357811070667532e-01
9.278906114274466654e-01 9.486061938929374326e-01 9.331767081304802591e-01
9.334981502081950433e-01 9.165155366193642461e-01 9.423397399732773572e-01
9.235052111383353912e-01 9.466310656957005465e-01 9.356173519622495993e-01
9.340985941991768460e-01 9.500850128588289589e-01 9.282552047365942860e-01
9.320157837452041072e-01 9.461096894809684077e-01 9.237344111506833322e-01
