9.760802644192105859e-01 9.761614438364986102e-01 9.633368966504387565e-01
9.735919302140599862e-01 9.755200953926151941e-01 9.856212202195567817e-01
9.732548690946803971e-01 9.745492190340274696e-01 9.848918861449820206e-01
9.736794507037630497e-01 9.788769162054357098e-01 9.836212407287349135e-01
9.686969053732448209e-01 9.754431807678464184e-01 9.791641167070340712e-01
9.743916995169071837e-01 9.743853635312614836e-01 9.824653273739285542e-01
9.706845167840187916e-01 9.747186957758078307e-01 9.827604894718029449e-01
9.700348581647685320e-01 9.737010942816983761e-01 9.751886401199052479e-01
9.770878412249984768e-01 9.781848951307662299e-01 9.802530610752422380e-01
9.746651708198504904e-01 9.768063757852690765e-01 9.824423614939885585e-01
