9.794242641817514361e-01 9.668181523669959754e-01 9.658647405117565254e-01
9.777781382292343171e-01 9.744822344274337578e-01 9.647367691823792724e-01
9.652773031983142848e-01 9.604741868193711340e-01 9.437737093879894346e-01
9.816669867140529471e-01 9.774403339360175913e-01 9.429860595784629318e-01
9.859938731191376649e-01 9.809139427042911086e-01 9.826564658190136692e-01
9.820365596146952702e-01 9.757394993307508813e-01 9.726231894078311013e-01
9.670058169973296813e-01 9.600593106551398304e-01 9.290826914414571647e-01
9.770644604899358932e-01 9.610535709654154379e-01 9.227496202854237328e-01
9.858657440689851947e-01 9.794034799719957274e-01 9.742878608200348234e-01
9.732613941372163513e-01 9.619468989352079058e-01 9.616037865755548975e-01
