9.786741258904803065e-01 9.736642976086155032e-01 9.785987847571492315e-01
9.699760367115930482e-01 9.663516670124612240e-01 9.696253668146046500e-01
9.470081167339642336e-01 9.415821823238526012e-01 9.508471058247770502e-01
9.710696414091039008e-01 9.658645548757884836e-01 9.700013225274268791e-01
9.680949329318554453e-01 9.592102054813002043e-01 9.721338019938263741e-01
9.711793042173563206e-01 9.642754143081481155e-01 9.707307077565442421e-01
9.757700057181104558e-01 9.726280905128966703e-01 9.728877047361317310e-01
9.705267107833350781e-01 9.706578446652474046e-01 9.655864177741418919e-01
9.788815070487986159e-01 9.772783952551902242e-01 9.760055246281038599e-01
9.744298166355928048e-01 9.714144705320939543e-01 9.723527556677522554e-01
