9.793664153933120398e-01 9.707210906877640211e-01 9.442538438962988501e-01
9.742492933882052064e-01 9.705355691183488176e-01 9.429764549834916965e-01
9.682114258018871267e-01 9.583404325880139352e-01 9.209563357073095036e-01
9.812331380724255148e-01 9.778917150088537458e-01 9.651976590490558561e-01
9.815614587533294522e-01 9.818591011073315444e-01 9.750766596621925908e-01
9.759921567696857592e-01 9.736487728239991979e-01 9.484683811583466406e-01
9.674332869351508490e-01 9.572540996369374167e-01 9.099064103289852268e-01
9.769326070878927570e-01 9.636770811635675393e-01 9.302662699618706732e-01
9.804112866378857927e-01 9.811193168628072891e-01 9.679722645843504836e-01
9.453728616265627549e-01 9.603079695104553837e-01 9.418418471000988834e-01
