9.785202159570440816e-01 9.687209687893858501e-01 9.650232820326509753e-01
9.742036822610988800e-01 9.678388191427235165e-01 9.681059107163525468e-01
9.632663096891325161e-01 9.549181977148397671e-01 9.567845824742092775e-01
9.660630028183166962e-01 9.622665637258921434e-01 9.562200756234926491e-01
9.824577282968460779e-01 9.742432548799780934e-01 9.777776687075803164e-01
9.664325796946890978e-01 9.600132828529536200e-01 9.511812648485969968e-01
9.611105709243868978e-01 9.516605551361219106e-01 9.200413946598732240e-01
9.690507311742037055e-01 9.580006305865332861e-01 9.490328485523342739e-01
9.774238560905054163e-01 9.746882392631237568e-01 9.695771570566782405e-01
9.670064168372766167e-01 9.581301807967688156e-01 9.455482151877880881e-01
