9.690632798980673979e-01 9.726035988939220056e-01 9.709145550803184310e-01
9.520156076022673330e-01 9.662297756092369516e-01 9.716555557375831098e-01
9.581307995736493277e-01 9.715186135757074570e-01 9.565769042243809084e-01
9.541431039274068659e-01 9.656361644148865331e-01 9.692137758885054355e-01
9.453554766891839600e-01 9.660636721692074103e-01 9.551938170972523734e-01
9.547948391656814193e-01 9.754815532614313778e-01 9.712855273510195842e-01
9.353520905096475158e-01 9.673772289302103866e-01 9.668930612580910466e-01
9.386679859660755909e-01 9.727264082037710979e-01 9.543640356622951071e-01
9.456643084830425039e-01 9.750380725477471033e-01 9.614767920113974631e-01
9.468173188361346249e-01 9.742528494164792718e-01 9.605845646830830642e-01
