8.811106002256836600e-01 9.214899753949520322e-01 8.144298841373577291e-01
8.452957605961504139e-01 8.848409084005128822e-01 7.593492514790026737e-01
8.406305711322852314e-01 9.003156607800844036e-01 8.237465909113589335e-01
8.709421000120138867e-01 9.188613334761678297e-01 8.109328464360837652e-01
8.764477813884080648e-01 8.993115361223157356e-01 7.745013542187690891e-01
8.442507390058601180e-01 8.972929332372036049e-01 8.053610962445644228e-01
9.181989071183321860e-01 9.255103613817884378e-01 8.356358556620193667e-01
8.678087721078135974e-01 9.382273683463049352e-01 8.464995056696006381e-01
8.723248217051933207e-01 9.369225454172742662e-01 8.141980899057510435e-01
8.773538274314126584e-01 9.121211392719158484e-01 7.719095271144245096e-01
