9.770801604555419129e-01 9.766481829678075322e-01 9.895673628765274676e-01
9.762958670368779845e-01 9.761453202005029306e-01 9.851500219885277465e-01
9.754838191353708554e-01 9.775799099091634359e-01 9.840445911397091017e-01
9.749171320148271036e-01 9.760575687163258740e-01 9.849185180921095073e-01
9.725086463901516654e-01 9.774413832682834480e-01 9.833981350660537801e-01
9.730461064278497219e-01 9.758060720209078553e-01 9.822156680339527712e-01
9.732187443212074740e-01 9.769736224907674682e-01 9.835773692692793002e-01
9.736458075733762652e-01 9.773176224735194983e-01 9.796240683101195001e-01
9.769546264064346008e-01 9.779307254388348580e-01 9.838410875148368984e-01
9.741209570724482791e-01 9.753690958855173454e-01 9.840534674261779413e-01
