9.448674025094475626e-01 9.378046928468186660e-01 8.872796727179868004e-01
8.624356533392296686e-01 8.608267789171929474e-01 8.843237762010657255e-01
9.279765749637439720e-01 9.109393626593561555e-01 9.156154687768943701e-01
9.398394298410062131e-01 8.632707454969272831e-01 8.845921761197248490e-01
9.323176369491417148e-01 9.191914991406315849e-01 9.268027488158753213e-01
9.303292963627514123e-01 8.684073642227096990e-01 9.000082726006848333e-01
8.911954004756854619e-01 9.184376794847121106e-01 8.920035603786123923e-01
9.289035212557672505e-01 9.289846255813773990e-01 9.033522797058449738e-01
9.242634103125255685e-01 9.291676144345925037e-01 9.242065850013242434e-01
8.088101356571242295e-01 8.103466003629378189e-01 8.497827513798598131e-01
