9.736377317065851855e-01 9.740002212022923489e-01 9.891341033853896514e-01
9.659775091742097697e-01 9.674669429788719244e-01 9.863677652916544858e-01
9.625492624094587057e-01 9.660707090172936384e-01 9.847606838316361744e-01
9.695727327513917748e-01 9.701638076418398482e-01 9.874162774665441455e-01
9.665427622437982036e-01 9.686754374647115196e-01 9.882035090850932457e-01
9.628905525112190222e-01 9.652167421646432599e-01 9.842817794360632089e-01
9.689030818920093546e-01 9.739206638084835221e-01 9.894765562324284724e-01
9.656261741879983429e-01 9.606439701809073028e-01 9.857813225700949866e-01
9.692118684957841124e-01 9.707423482595891606e-01 9.868014352895824182e-01
9.735668754137708492e-01 9.702474860742023033e-01 9.886954850143740980e-01
