8.239979728926235536e-01 8.861626241073090604e-01 7.539971377265044516e-01
7.879441515606528945e-01 8.471733285689136972e-01 7.302720115237046894e-01
8.177845490575161858e-01 8.808067165919831742e-01 8.150470434521945862e-01
8.280247548072772190e-01 8.999764257303779491e-01 8.055656462600015999e-01
8.345360253169388232e-01 8.670412658125034033e-01 7.509239004626420133e-01
8.112639524617633047e-01 8.886529702491465788e-01 8.208222551143347090e-01
8.575030074144682768e-01 9.092214020524005402e-01 7.862797009782434010e-01
8.488347459433260855e-01 9.224347118532726375e-01 7.908112101035884578e-01
8.242880881796952330e-01 9.196226446644543140e-01 6.795605515119610418e-01
8.283669396815216412e-01 8.941550319914144396e-01 7.628372407835587454e-01
