9.470811590003704872e-01 9.598976127423750615e-01 9.364874928350468419e-01
9.303956519147262849e-01 9.457741059636265435e-01 9.488208995283429203e-01
9.203516018695162559e-01 9.434624123823696085e-01 9.444843924027804816e-01
9.371019142358664178e-01 9.506009043246571588e-01 9.498304910735853035e-01
9.217531452072380560e-01 9.522044939104286065e-01 9.369424299619752983e-01
9.166365953383579512e-01 9.390552121270847596e-01 9.394513012075905722e-01
9.094764484140175353e-01 9.290657788658580607e-01 9.581181567606500415e-01
9.257778326013806902e-01 9.494375660863462185e-01 9.437188557540797662e-01
9.339262966116446130e-01 9.410373572150917409e-01 9.368134821794362743e-01
9.353511528738911451e-01 9.576489590546994890e-01 9.390394746932262393e-01
