9.533005672574317302e-01 9.491710139188689332e-01 9.609243609356568072e-01
9.475500882041107964e-01 9.448509989029086897e-01 9.553261004816063773e-01
9.431393917240313840e-01 9.441387881759756295e-01 9.584328151323735501e-01
9.457328708550147844e-01 9.512467296883406753e-01 9.623650988108595206e-01
9.358558967431483966e-01 9.460421861774118701e-01 9.525445194490704814e-01
9.371715664770114973e-01 9.457288292382458605e-01 9.581003837771048248e-01
9.371753395377083740e-01 9.471983197989197745e-01 9.625529688877696444e-01
9.408239194264040872e-01 9.541738019365904044e-01 9.554694882169468828e-01
9.536703077383840155e-01 9.522063115812930967e-01 9.575428903161590233e-01
9.455105426053129758e-01 9.508869858737915015e-01 9.567127786043845283e-01
