9.584941619160690651e-01 9.853828158947136595e-01 9.741186170677681444e-01
9.550374261735558035e-01 9.830449649870917073e-01 9.778087331586965414e-01
9.572695462220219831e-01 9.798132332563896929e-01 9.730829903997926245e-01
9.547027970715399325e-01 9.825853894479554818e-01 9.697392776371448475e-01
9.512470954160489045e-01 9.804373532209395004e-01 9.655965935268044920e-01
9.613820095922200881e-01 9.816852436713586760e-01 9.709729973800139691e-01
9.481824657714450488e-01 9.771695945724727661e-01 9.728675491447617008e-01
9.558963106375079066e-01 9.836717238024396126e-01 9.695202972758002469e-01
9.536620228335814797e-01 9.769017421411367863e-01 9.683932758219074843e-01
9.555372333890963521e-01 9.808924729505464901e-01 9.682817566872669035e-01
