9.169933648188488551e-01 9.316376351669767297e-01 9.014831794793629616e-01
8.760483565768475422e-01 9.089060082321452905e-01 8.391187919778033688e-01
9.003144391661370705e-01 8.979939032740025251e-01 8.544201391146131197e-01
8.815825191761027524e-01 9.245555563768047547e-01 8.335719593085619827e-01
8.915307918295367617e-01 9.110207581887296291e-01 8.357821629284925002e-01
8.623622759882564326e-01 9.036117480132226376e-01 8.279146445460121573e-01
8.709342504226904591e-01 9.051662354197729243e-01 8.818765885147649142e-01
8.954011268184470795e-01 9.262921255804422715e-01 8.431626965365086601e-01
9.066448801243882638e-01 9.320828061076125159e-01 8.624228631042470949e-01
8.640691602712663455e-01 8.745918379063868375e-01 8.490780556181494187e-01
