9.644312558486949349e-01 9.838773735617170058e-01 9.780529464845552079e-01
9.600115559685106215e-01 9.819576244343071192e-01 9.672160416013062534e-01
9.648983495181192582e-01 9.691129765045184419e-01 9.719632638277460046e-01
9.254291986199916220e-01 9.777161385392071358e-01 9.552153208390923300e-01
9.541652210068392037e-01 9.730302792789150557e-01 9.713420674382962083e-01
9.703162742635738081e-01 9.759087968457250684e-01 9.712462829776421502e-01
9.551795535727427566e-01 9.657018484052213303e-01 9.740454706663989048e-01
9.657481052337768546e-01 9.842818197009710612e-01 9.762119468256622579e-01
9.618694344526903528e-01 9.688312614311317406e-01 9.650647981473560177e-01
9.567032057384096122e-01 9.763649316861683358e-01 9.746125928180238152e-01
