9.211317404892880312e-01 9.396699405391137905e-01 8.566355199791986230e-01
8.398542863597754371e-01 8.257528997493671641e-01 8.494543404608172477e-01
9.204909972897508119e-01 9.092385737910001486e-01 9.252863481408247770e-01
9.236452816648842434e-01 9.243754349669983661e-01 9.114452479608466939e-01
9.131328686973478881e-01 8.995990100648907362e-01 9.237697447291212116e-01
8.913663177516290004e-01 8.875957631807991355e-01 9.039487136243272714e-01
8.836559514621409317e-01 8.786578502560499215e-01 8.781349338230945989e-01
9.220988188271294073e-01 9.201434661193492737e-01 9.173471265588651891e-01
9.050281256611859559e-01 8.976650744175348473e-01 9.065716201150262332e-01
8.108778169923467338e-01 7.891473857172228712e-01 8.226957745467600169e-01
