9.734734678221720339e-01 9.665463514553145341e-01 9.747266006602872679e-01
9.669923145262755426e-01 9.622618646190955749e-01 9.675851736903358091e-01
9.475860652772496451e-01 9.410471883806217352e-01 9.522291749188894761e-01
9.725749679206048270e-01 9.652610941215303830e-01 9.732082165199972268e-01
9.646861925913887692e-01 9.532141244136408398e-01 9.708084591730090640e-01
9.645332859395717717e-01 9.557190254949572417e-01 9.654413928009774049e-01
9.763693678258199560e-01 9.727724959069443678e-01 9.737746352208459522e-01
9.682472633921993532e-01 9.682829245336630475e-01 9.634514225778314511e-01
9.776496803623062615e-01 9.734892240775825378e-01 9.769823789155196447e-01
9.761356682003389240e-01 9.715576821448275169e-01 9.752276532035825118e-01
