7.906185747832807920e-01 8.448451181737325344e-01 8.401412412930057139e-01
8.019141134304438312e-01 8.373859451907945672e-01 7.802732010626174386e-01
7.866986202297383546e-01 8.381071640969804948e-01 8.037819400407295589e-01
8.063286551285362425e-01 8.820343084101645026e-01 7.682773443656272239e-01
7.725538807989036361e-01 8.539610643413382274e-01 7.301414893785800331e-01
7.958152384168581950e-01 8.259748733154831379e-01 6.883299023785731663e-01
7.979110301639428249e-01 8.462379893048972423e-01 8.173574210911265236e-01
7.723112067138877546e-01 8.646553639575943473e-01 7.060956501440260880e-01
8.124056325546208379e-01 8.800346144351213207e-01 7.595439435489789171e-01
7.783353676950350852e-01 8.521166823799530832e-01 6.927743147439913152e-01
