5.136917448024459765e-02 5.305758147440170491e-02 4.904991227428967537e-02 1.228587834735676287e-01 8.950799250623116265e-02 7.706725874758563188e-02
5.430895277033923052e-02 5.302090030081173244e-02 4.904487826235415932e-02 1.126383457968837543e-01 8.817010850424010504e-02 7.647518323772646565e-02
5.401493999994987083e-02 5.531984945561550099e-02 5.084677226412404050e-02 1.126445147992854307e-01 8.170015361962408573e-02 7.364461288022473850e-02
5.495940597437760228e-02 5.275547922114671301e-02 4.991457560615666922e-02 1.091140909525931263e-01 8.556946433912733518e-02 7.035633362690232873e-02
5.402261363878515382e-02 5.437991881499160823e-02 5.063797555169087528e-02 1.115330226391990920e-01 8.970620861202460716e-02 6.871230212640853929e-02
5.437340175744620474e-02 5.307314148996079145e-02 4.989859694534507645e-02 1.119470491847393001e-01 8.622397764976796886e-02 7.547079147379169572e-02
5.422110251527190866e-02 5.402286052932030874e-02 4.914757917609695326e-02 1.216279362986002754e-01 9.253237118840705600e-02 7.658001712945523842e-02
5.397768263922027993e-02 5.256452355083591349e-02 5.110043851767624018e-02 1.060955494756865153e-01 8.545532965554143712e-02 6.451234672379442536e-02
5.386314220054589513e-02 5.475832561348959598e-02 5.034789048280650242e-02 9.981047270250645309e-02 8.246615060023626542e-02 6.334594963567488635e-02
5.734771147992172302e-02 5.547083691622835960e-02 5.007317232760380432e-02 1.165569574024749172e-01 8.974332504316413772e-02 6.557150298695471613e-02
5.605321374544419699e-02 5.469359843071837368e-02 5.037298531424922593e-02 1.146933765060070137e-01 9.534067591695320754e-02 7.461041602628455671e-02
5.521312901069897611e-02 5.731265122408113477e-02 5.095588644244899990e-02 1.069129229508464507e-01 8.385742784380810499e-02 6.701733747502612581e-02
5.494882335586512984e-02 5.376818112916845194e-02 4.854607492092156279e-02 1.082019323345876083e-01 9.192762236617087190e-02 6.805096003439137231e-02
5.671700545226335960e-02 5.770210486669648253e-02 5.009114556294185644e-02 1.165427094821835652e-01 8.833216566465908193e-02 7.654517437539631874e-02
5.409418950006836257e-02 5.317690671130991670e-02 4.938058117197276220e-02 1.211988216459378570e-01 8.751817601193889740e-02 7.256083055659852399e-02
5.735416045822380737e-02 5.519313197162225432e-02 5.108363796620568609e-02 1.199000672166092990e-01 9.216190921202091491e-02 6.898757009481959468e-02
5.502933937152870020e-02 5.434912764634827059e-02 5.066483679633438514e-02 1.176266699201183041e-01 9.359059847248438202e-02 6.613446869316287613e-02
5.486998296052410240e-02 5.477657493869644151e-02 4.988297948743591892e-02 1.205388481176218052e-01 9.514865682488844734e-02 6.905041604702574776e-02
5.348966520594627266e-02 5.548925701399557570e-02 5.007238862794372025e-02 1.061586212627373960e-01 8.705535090710939117e-02 7.094628488472703998e-02
5.332430905412976346e-02 5.309031658306577472e-02 5.101968497394533675e-02 1.112938771581305220e-01 8.408553297103893431e-02 6.635481195573943169e-02
