3.420354654664480715e-02 3.745564764792758128e-02 2.845335199101529239e-02 1.066518253303676833e-01 8.920344946470964986e-02 6.284966280825624030e-02
3.342946680450364222e-02 3.575318804314626259e-02 3.040933664846008633e-02 1.080649396707743515e-01 9.597012864026914503e-02 6.181980163024315689e-02
3.256207646707673375e-02 3.566694175762818303e-02 2.939220556223849298e-02 1.040776317196681067e-01 9.250849193477991839e-02 5.941752326988868765e-02
3.234078338935048036e-02 3.475545484810689534e-02 2.976904245933895826e-02 1.097980735810225039e-01 9.727586927005585360e-02 6.150268712134765448e-02
3.317339915466664679e-02 3.635969792222117081e-02 2.953378002855724938e-02 1.024589188656920419e-01 9.350181797992462851e-02 5.744521052744878953e-02
3.519780803869651531e-02 3.730112302504130783e-02 2.880873436346332445e-02 1.120195338719616740e-01 9.479303796462537623e-02 6.501261330191134002e-02
3.427265177518251660e-02 3.670459800089705127e-02 2.943443924817353008e-02 1.028230567424372743e-01 8.987229446612744754e-02 6.570487908286831713e-02
3.325458352801044515e-02 3.604433925097338953e-02 2.880609201519714058e-02 1.110477028967842561e-01 9.016844003199300794e-02 6.560042951903215236e-02
3.406368674194180240e-02 3.633060714071666142e-02 2.911575361785785285e-02 1.058994292941359827e-01 8.741769822085605768e-02 6.427633879245157889e-02
3.175824469737947159e-02 3.438764005167889437e-02 2.893261975490771590e-02 1.129497313993236690e-01 9.661242687747076396e-02 7.187330759942556213e-02
3.334352496296196650e-02 3.505283505918922737e-02 2.938003374058772640e-02 1.155468773227073531e-01 8.999507833399063295e-02 6.534349486707800858e-02
3.246345755065303817e-02 3.624234380979603903e-02 2.959965497018153535e-02 1.141932346028571160e-01 1.013487913034823440e-01 6.632142164268828299e-02
3.459660083020683202e-02 3.616664812409296076e-02 2.927444150119414348e-02 1.088578087890677421e-01 8.654044049209959344e-02 6.152547778967756842e-02
3.233673493388872916e-02 3.619270631297836355e-02 2.899832660352669872e-02 1.008050999410810833e-01 8.775678947665382923e-02 6.636757791803421513e-02
3.189649971741678747e-02 3.488275065628324706e-02 2.913611156156487719e-02 1.053563612320997794e-01 9.088224856244071781e-02 6.511787810165783896e-02
3.308675742850633594e-02 3.646084097104370508e-02 2.941181280642229598e-02 1.081565298114368773e-01 9.797925635257434540e-02 6.177431073160068870e-02
3.381847215460979938e-02 3.695766770355272957e-02 2.897280485022529078e-02 1.128031128005582417e-01 9.784840567291074043e-02 7.435901429794483652e-02
3.279620506551202130e-02 3.453045311677343382e-02 2.932745162512150408e-02 1.129721003487446779e-01 9.307730685766656131e-02 6.471728223275867442e-02
3.265421740457090383e-02 3.514741726367396485e-02 2.883556139506709623e-02 1.062050198390780964e-01 9.622859638704681084e-02 6.254231748320647488e-02
3.258218906580612195e-02 3.467686783594396693e-02 2.939414853683764220e-02 1.112494174086607612e-01 9.946545307948283232e-02 6.673041447330549381e-02
