3.679377754271088291e-02 5.336832448556089181e-02 6.581373743086522954e-02 1.005898981573956907e-01 8.757713701843358733e-02 9.565760907011579273e-02
3.929788896695437378e-02 5.422096885657348708e-02 3.522273070659627525e-02 1.020399541028159801e-01 8.675797289196714168e-02 5.963317386336761811e-02
3.721761173259536398e-02 5.081912425678956902e-02 3.582453019041248465e-02 1.039887757966223847e-01 8.943426771619542026e-02 6.174590939428870745e-02
3.834346822440899000e-02 5.456829546581639517e-02 3.485140421857328696e-02 1.036904538542322146e-01 8.308144061588085272e-02 6.377764117605695671e-02
3.702172655413882296e-02 5.119373679280048162e-02 5.110772410148015088e-02 1.091358115053836508e-01 8.731645240527520502e-02 7.258877352641154856e-02
3.839028686599688101e-02 5.477178884942338066e-02 3.387748299392880080e-02 1.026237317064501720e-01 8.807629082186314851e-02 6.723427553576649673e-02
3.714637600925375233e-02 5.353062636536045499e-02 5.008611455404868990e-02 1.096078146479748938e-01 9.080526958131025783e-02 6.674139798423156522e-02
3.769209224987542933e-02 5.534202041413278927e-02 4.812343970948721600e-02 1.097587043317461569e-01 8.988062167766802668e-02 8.013367698011575335e-02
3.829028891980361393e-02 5.600006779897195169e-02 5.237191591543003538e-02 9.879585736065438217e-02 8.360597650777963630e-02 7.117532236519344413e-02
3.571743134980606693e-02 3.811261645045945640e-02 4.512748295289769479e-02 9.962417198432024779e-02 8.449280070007064714e-02 6.705564821901643935e-02
