3.169207688486426564e-03 3.933789819411910756e-03 7.660651553274675949e-04 1.059231420517268707e-01 9.113553980071452398e-02 5.222801310886589221e-02
1.640912852468788714e-03 1.686406754824964138e-03 4.715193678535064273e-05 1.167337731617890395e-01 9.915660132115296233e-02 5.877898240942119878e-02
8.960398554003555602e-05 9.143796572563484893e-05 4.536904649241139220e-06 1.229060932955479690e-01 1.050328397990906160e-01 6.287872453245044180e-02
4.269580133107476680e-03 4.105854851184651336e-03 3.404551571221702336e-04 1.124972330988335545e-01 9.826400462465402497e-02 5.631535597232636969e-02
6.556181360815398727e-04 9.155576773498964437e-04 2.628630598113379643e-04 1.143467775888929866e-01 9.875302839265073795e-02 5.514889439297675916e-02
6.653244975221233410e-04 9.230166656947961894e-04 2.663117421802531056e-04 1.230433305519476883e-01 1.047844189570313334e-01 6.394630098663203754e-02
6.545421149003109815e-04 9.146830028304161423e-04 2.658170286521115058e-04 1.123023930569680556e-01 9.257331724733632028e-02 5.238075035317778932e-02
5.394872780502960215e-03 4.695576667782559201e-03 7.942494765692021969e-04 1.197815091612267485e-01 1.098313122305172862e-01 6.063079408892188549e-02
4.057762043045012347e-03 8.739766405650365236e-03 4.682636735765098590e-03 1.142520665407803782e-01 9.727065785687419308e-02 5.818263905425997279e-02
1.751901598559882706e-05 7.876066778456534078e-05 4.393189517321656901e-05 1.025681930400500208e-01 9.728971968513784596e-02 5.415923883417469997e-02
