7.423318099517469716e-03 1.579957639330658581e-01 1.601057500088564137e-02 2.975815852833897934e-01 2.196302046394829899e-01 2.131282177844182335e-01
2.709657310420400880e-02 5.252609922391735658e-02 1.861435841496951807e-02 3.042632937526559833e-01 2.294700285930789119e-01 2.493080496423452641e-01
1.175433046597777580e-02 1.638842009977447556e-01 2.137321080024209494e-02 3.142326362860931588e-01 2.173555341604777869e-01 2.229559785196558730e-01
1.001649539630096314e-01 6.116605048994658983e-02 7.133848304174345012e-02 2.910285682461753454e-01 1.966229998204750418e-01 2.359137181399774963e-01
3.447140246352525111e-02 1.609543696675693469e-01 4.481324166525223369e-03 3.214763165602080863e-01 2.118740190210118557e-01 2.623751254864559734e-01
9.372156348278605498e-02 1.561896098757388773e-01 4.983533445646189282e-03 2.974244520156446026e-01 2.315569340517006081e-01 2.746930687851382724e-01
6.535843707689553174e-03 1.615297054011064493e-01 1.522870924408534742e-02 2.991858477520389914e-01 2.125590426185141602e-01 2.294799108567684154e-01
8.255340473677055813e-03 1.647285337041642372e-01 4.968180570418526641e-03 3.033187127744021439e-01 2.018315908358329913e-01 2.705757452638555827e-01
7.277282442479575918e-03 1.671623982059667057e-01 6.689701976257930553e-03 3.016623800209510264e-01 1.896814060283693593e-01 2.435568028253163042e-01
1.040680763224280519e-01 1.545210540352248973e-01 2.001233437356117473e-02 3.043824369180637146e-01 2.074318700071844379e-01 2.735117247306262378e-01
