2.615821443832874738e-02 3.971061422078827480e-02 5.637084492347025494e-02 1.786787624826431109e-01 1.465348185092952005e-01 1.518653582950932612e-01
6.324789949015492685e-02 4.022224973407635684e-02 5.708609903116795142e-02 2.191485211576941206e-01 1.613266975045032914e-01 1.902339829402616700e-01
3.372600291974318931e-02 3.779519912138364079e-02 4.759062972385390972e-02 1.934891622827305258e-01 1.749159782538817764e-01 1.824813868576376785e-01
6.306137107281338527e-02 3.961657292546978681e-02 5.671333473081584947e-02 2.221958264823375717e-01 1.539580814069518300e-01 1.885998661940262167e-01
3.754335839257399998e-02 3.988089321405315080e-02 1.179150550402924963e-01 1.971544776411515709e-01 1.632450698703722947e-01 1.830838219656307497e-01
5.985167441477670658e-02 4.072092573517495373e-02 1.343080087347745533e-01 2.304902866753524571e-01 1.706449851541842755e-01 1.842146943416796412e-01
4.251536230473353106e-02 3.887637093043093406e-02 4.749436997927670295e-02 2.189166337564242004e-01 1.698903044618593483e-01 1.617968389679069752e-01
3.507696272411768568e-02 4.119014180056629337e-02 5.011548953923833372e-02 1.969571346467418327e-01 1.503241434284120215e-01 1.884496762170203565e-01
3.169925670242314947e-02 4.247634247320999923e-02 5.768051523257008983e-02 1.967810782494953947e-01 1.491416181707915511e-01 1.750145104254257067e-01
6.257927271589944218e-02 4.334071850501976242e-02 5.710239508594317642e-02 2.238920423787736924e-01 1.844788386811980485e-01 1.905244299496868521e-01
