4.388797983894391491e-02 4.491813098142927174e-02 4.077206295978175882e-02 9.881545025916302349e-02 8.697241057150828514e-02 5.182714432355012280e-02
4.563714217280001595e-02 4.631340900601894905e-02 3.954835476719747306e-02 9.657028368882070168e-02 8.492455513279058288e-02 6.103420801815478969e-02
4.549809872344077327e-02 4.709448521926535430e-02 4.116639941413841042e-02 9.920455821850117373e-02 8.319482396073583919e-02 6.408819796559712956e-02
4.675006335743048941e-02 4.681760749537342697e-02 4.022953489454489384e-02 1.016804753470640366e-01 8.805869672502482370e-02 6.156561812582009297e-02
4.417946988941753167e-02 4.476059227200909069e-02 4.033829860851279731e-02 1.032033454881135792e-01 8.346174382388499291e-02 6.502878879176006433e-02
4.522324167427685393e-02 5.031804044726873731e-02 3.885277817746689288e-02 1.045813544351637814e-01 8.622695906500849050e-02 6.765147835936521914e-02
4.619777863346335306e-02 4.560208576189396512e-02 3.946379243593476499e-02 1.050133097743935345e-01 8.600550524926524332e-02 6.544818707586586015e-02
4.473798668847629723e-02 4.768383654319736237e-02 3.854251695597618599e-02 1.032966525373886502e-01 8.451153626227533855e-02 7.222197697310031583e-02
4.565304932296541940e-02 4.876486871632935288e-02 3.922177857797464612e-02 9.937598043814339921e-02 8.441485607124009360e-02 6.449565725288042284e-02
4.289526595702709139e-02 4.364492066470335857e-02 4.055129061311970456e-02 1.008988503661466668e-01 8.673692888187706229e-02 6.371663268815923320e-02
