8.907069397245849106e-05 9.003494755812605117e-05 3.996751485263686784e-05 1.135835684663910050e-01 1.017939364719036427e-01 5.179167042053167691e-02
6.555419745425716859e-04 9.156758779786300286e-04 2.658438308225457257e-04 1.108911193596954226e-01 9.857539573880008676e-02 5.110033358616150601e-02
6.541917529992438349e-04 9.145703110933721663e-04 2.628636652456692140e-04 1.111963897634303394e-01 9.951091600573114260e-02 5.919650073397719064e-02
5.347724622530034347e-03 4.605755448588244247e-03 7.428476228856869699e-04 1.137818756479569704e-01 9.877395407245530279e-02 5.484820606021815342e-02
9.999958565096095982e-04 5.307474756289128071e-04 4.714359586139017203e-04 1.076345527378857608e-01 9.852226943512339130e-02 5.412791196971162427e-02
6.568101141142514360e-04 9.165117098659844152e-04 2.628648961318134718e-04 1.231281790059342296e-01 1.108302934587296201e-01 5.333812792724939439e-02
6.561798029311875823e-04 9.171291323617963625e-04 2.662863694708092173e-04 1.098898271424564310e-01 1.028246446217246368e-01 5.718535186023243622e-02
6.546685488038866269e-04 9.152919413552758907e-04 2.655201219465476870e-04 1.153372936571572110e-01 9.597930175613490766e-02 6.096933851792875336e-02
1.064178848186105188e-04 1.038497430856708372e-04 3.953919712140376285e-05 1.124023346552423253e-01 9.477624220283376033e-02 5.787299619741573947e-02
7.578393255736619591e-06 7.037794913259931811e-05 3.745656029730884864e-06 1.154894557474890754e-01 1.014601786700824182e-01 6.233453838267726671e-02
6.538598944061305542e-04 9.141640516280382951e-04 2.627470775229029973e-04 1.189733329976969817e-01 9.321050086909599131e-02 5.673788074487307043e-02
6.543838585752575739e-04 9.149222370583506847e-04 2.674042522147517453e-04 1.196410524282321558e-01 1.079254587121635245e-01 6.267864432347312886e-02
8.971634743412439117e-05 7.377833384945030641e-05 3.709420162319571984e-05 1.134437369270613061e-01 8.998848239815540606e-02 5.220488461187571677e-02
6.493127990940215097e-04 9.159325525249819829e-04 2.660448950429807600e-04 1.095218755913834746e-01 1.041370146529650570e-01 6.135669952599213245e-02
4.126988688356319698e-03 3.872026908784801085e-03 2.586750318141603413e-04 1.073545089687837767e-01 9.566752668603864529e-02 5.768093700013372793e-02
6.493616727115066089e-04 9.147919952052032712e-04 2.628647471130939072e-04 1.157396545510689795e-01 1.049885263142017883e-01 5.739633815956728807e-02
8.993324384018145268e-05 7.906505013751880038e-05 8.687912239663720090e-06 1.201425302097124947e-01 1.022866699518249767e-01 6.450263343989061371e-02
6.538051761810729102e-04 9.141316106854431795e-04 2.628589864684011427e-04 1.159480687926774251e-01 9.540027204319234677e-02 5.511079474714394161e-02
7.959648476404399865e-05 6.972665312175767511e-05 8.454865549508326923e-06 1.101026669229651922e-01 9.828492509976936853e-02 5.849008458692425000e-02
6.547088119844545482e-04 9.144728504084473786e-04 2.659076674063463484e-04 1.142793591537437786e-01 9.969762405031325214e-02 6.008362197833810175e-02
