3.652056337912906736e-03 4.360748973892608280e-03 1.424579159165055304e-03 1.387312212073624762e-01 1.270784551745381685e-01 9.841349347727820773e-02
6.323666019439208412e-03 6.000061190050028775e-03 1.311744779423838509e-03 1.444086997586178089e-01 1.307725523490686770e-01 1.063302088907048248e-01
4.353372430087237843e-03 4.252466214744421782e-03 1.088312921967626943e-03 1.533211306874183166e-01 1.363138870143222325e-01 1.002870540306411151e-01
4.977472023335831677e-03 4.929029191296831376e-03 1.298953015073452295e-03 1.500105883616874025e-01 1.288383023680372830e-01 9.661585881917540697e-02
1.809297562535915928e-03 1.877774760545811899e-03 7.963454764600859642e-04 1.582586185009456636e-01 1.300592633419536126e-01 1.088206330848627695e-01
3.780153456583698873e-03 4.009432799314742273e-03 1.159388485362307115e-03 1.626176301399068491e-01 1.322012945696679764e-01 1.016805581275589815e-01
2.350060487841215944e-03 2.785696081013506933e-03 1.770157566940062455e-03 1.592954912448517613e-01 1.314474328857624386e-01 9.762958080406906880e-02
6.336936786428266737e-03 5.886110958947427495e-03 1.526758275138564947e-03 1.555930323516446223e-01 1.207287451087997315e-01 1.059788822598469182e-01
7.630589530983274832e-03 1.078764274238663834e-02 4.830502371610530081e-03 1.396144784916888149e-01 1.232245575914120705e-01 1.032700467965552982e-01
3.493393284851184760e-03 3.392959404999581260e-03 2.224117017248064369e-03 1.426156637709063979e-01 1.232285703909519747e-01 1.015969542781931662e-01
