3.371607034789311785e-02 3.577950407916782177e-02 2.814307940474970043e-02 1.141196068734011415e-01 8.945351489250405463e-02 7.042477077021605525e-02
3.394854436160493066e-02 3.756931597680506635e-02 2.964295430151394142e-02 1.068866798401723467e-01 9.583244683857242152e-02 5.918410821151821183e-02
3.289770623928010840e-02 3.636629258122058006e-02 2.913087721016307738e-02 1.022666297965224430e-01 8.275747332994581873e-02 5.897696394831467015e-02
3.222688191981122607e-02 3.634012814162566191e-02 2.896284904679201008e-02 9.894385001479534536e-02 9.495576888248602465e-02 5.415534820582265652e-02
3.240173698836198990e-02 5.921389352133958617e-02 2.730437804416084580e-02 1.178549874716475904e-01 1.024490938916175764e-01 6.836348433822214687e-02
3.338789792376204574e-02 3.508189683346217558e-02 2.883297607721106368e-02 1.126160738098853781e-01 9.145962035735179241e-02 6.588795145318902813e-02
3.346621177492377364e-02 3.492220882213650790e-02 2.861659519607633040e-02 1.098293140548008417e-01 9.091519994530146420e-02 6.606376928437539264e-02
3.190722458637893638e-02 5.907800091480201049e-02 4.374730774748771672e-02 1.071610539106384596e-01 1.025507472954983040e-01 7.220837464481116852e-02
3.229607014758496125e-02 3.477946589040525199e-02 2.859988599845715573e-02 1.063822166061367258e-01 9.041760891100661390e-02 6.172813114636262893e-02
3.185788584096435616e-02 3.572162139386574758e-02 2.952394993773062998e-02 1.129668246882516436e-01 9.765699826564905317e-02 5.842532631716919334e-02
