4.583482087341463063e-02 4.819910547919423194e-02 3.817755272387714227e-02 1.102609444491204072e-01 8.311195180700743645e-02 6.872579212538620919e-02
4.545740911342723012e-02 4.762324180777702948e-02 3.842066706486895605e-02 9.904658924399227515e-02 9.290412007193081523e-02 6.766689237125643464e-02
4.573315683437493423e-02 4.855672694301836623e-02 3.860813189259903327e-02 9.995039267191431487e-02 7.937706542584817282e-02 6.711998415868761225e-02
4.377238714843523226e-02 4.391181916100860699e-02 3.928970560052280625e-02 1.129754504636823337e-01 9.451856426867386030e-02 6.632860311490189342e-02
4.522587314281713983e-02 4.730073587189188855e-02 3.896158930890648853e-02 1.087289963251935332e-01 8.652772563844524090e-02 6.618661231145506196e-02
4.552471761366328612e-02 4.619049192002928905e-02 4.124178508190307763e-02 1.024320872190580545e-01 8.922539523233138925e-02 6.404059668126736715e-02
4.575124471241005797e-02 4.825772415194157922e-02 3.898713797175078211e-02 1.056005996369857453e-01 8.719777883735393975e-02 6.607251387082878347e-02
4.395859814082195283e-02 4.552673483963375067e-02 3.811822584365121697e-02 9.916752252767446763e-02 8.275021900109551243e-02 6.505195195206719960e-02
4.468028620058050321e-02 4.654176227550638201e-02 4.008888851434417450e-02 9.160111158750557092e-02 8.364480971701110379e-02 5.457048250224160596e-02
4.567148446115237848e-02 4.801374643621664912e-02 4.055114108776394777e-02 1.054894593351274612e-01 8.619740981209707276e-02 5.902606904489175049e-02
4.461961450017334213e-02 4.700796529616794311e-02 3.803166271765893308e-02 1.039917036218331869e-01 9.410327096520862411e-02 7.006670700471333280e-02
4.719520326105396124e-02 5.055307452927147033e-02 3.999305701694804566e-02 9.331259937132765914e-02 8.075731149968186362e-02 5.974864483572588786e-02
4.406279137456967782e-02 4.558966924957318784e-02 3.795046165754359380e-02 9.905573236756380628e-02 8.654895331100345701e-02 5.574591138029453413e-02
4.578836453083919011e-02 4.846471973235941949e-02 4.056874195961267943e-02 1.061880295957677856e-01 8.749677181080504906e-02 7.139200646467140643e-02
4.477803437150728455e-02 4.591076222509852395e-02 3.872597242779998034e-02 1.130676162746746677e-01 8.978977239381456810e-02 6.334317997654848043e-02
4.720929152473660878e-02 4.758823666119586099e-02 3.914897123322919753e-02 1.094452426106439918e-01 9.080023332090955690e-02 5.885340111577502115e-02
4.436132488382751871e-02 4.620510804116947229e-02 3.994729709994269962e-02 9.796888912266342453e-02 8.898685366838825217e-02 6.064656042613706527e-02
4.562788738535056982e-02 4.799493382125599034e-02 3.903342819096986688e-02 1.081790584265086563e-01 9.566598719467558909e-02 6.694282605232951266e-02
4.412203691091498570e-02 4.756978643704921905e-02 3.975079168966684506e-02 1.053133253586467089e-01 8.630062059281727593e-02 6.449482818483698310e-02
4.399886096135353919e-02 4.806103748266769143e-02 4.074786682498438700e-02 1.005756867990434955e-01 8.708083982119529942e-02 6.189265843378730786e-02
