3.205324278119727616e-03 3.963630929183810728e-03 8.317523327986851497e-04 1.412691848372005787e-01 1.276280162467107737e-01 9.585922058194647211e-02
1.792031705129508087e-03 1.820401349568646736e-03 3.073374671212073038e-04 1.420888790793752576e-01 1.288887760962688367e-01 9.734983434781033229e-02
7.964353203881151949e-04 9.937632716293814689e-04 6.439198864499090947e-04 1.487070685728723585e-01 1.254376231074953718e-01 9.684906015442791560e-02
4.306999242471951962e-03 4.134448752631272178e-03 4.686587056650408302e-04 1.452074598232800107e-01 1.263546391766663946e-01 9.276620061941684425e-02
9.835051137415926764e-03 1.033846431743068103e-02 4.570911554572274047e-04 1.578808901622022198e-01 1.295323896821267140e-01 1.053661601073731385e-01
8.121462006440082707e-04 1.032841908603252586e-03 4.293929791227621006e-04 1.621908393007361893e-01 1.308856895277460963e-01 1.012610556336669965e-01
1.501920902201414392e-03 1.781400046556597377e-03 5.296507838563860489e-04 1.589222804526918831e-01 1.314481907651875725e-01 9.651692366479053264e-02
5.470324248619075347e-03 4.698535482902956549e-03 9.347947767204250330e-04 1.568733841296455767e-01 1.215891254844874009e-01 1.047750073941081800e-01
1.411945132688462515e-02 8.776591278260829562e-03 4.682740520611905488e-03 1.473780946812763559e-01 1.211487688514943234e-01 1.008768752689914866e-01
6.501775293645229662e-04 5.515031767732796707e-04 3.651767947183461320e-04 1.461816977065373557e-01 1.242464329935640821e-01 9.940209377382036582e-02
