4.123665296382568977e-03 5.048319731362213743e-03 1.517597676504062925e-03 1.454478680017154413e-01 1.267016624142625614e-01 9.403109365349841819e-02
4.661702725725375834e-03 4.751813332600159784e-03 1.031933093082876762e-03 1.507453755525373085e-01 1.351019990278146954e-01 1.009712290127709605e-01
3.730504252935478923e-03 3.236375642214729415e-03 1.507136508651582942e-03 1.372174194954253190e-01 1.271075680186007362e-01 1.040206173289007774e-01
6.135361893614533699e-03 5.430455298605653056e-03 1.544353706840540137e-03 1.455412122890421545e-01 1.289036793659051050e-01 1.045610170544811202e-01
2.094981410294585733e-03 2.150334274768400146e-03 1.147867095171046289e-03 1.480865587197622013e-01 1.348306143241400357e-01 1.137933109667017550e-01
3.312476351374388315e-03 3.339423988095250803e-03 1.339269491476330906e-03 1.394840718100014698e-01 1.276681084350943240e-01 9.870647813032278062e-02
3.304533693863380070e-03 4.912302499712764559e-03 2.079020874502963100e-03 1.390898099223669415e-01 1.241113588056962369e-01 1.014701619851995085e-01
4.864196324664510872e-03 4.573764079490957347e-03 1.377988210338084970e-03 1.590532597992037056e-01 1.286864646581030724e-01 1.100255957348860308e-01
3.302441654682552238e-03 4.117503679072911406e-03 2.071439429344879533e-03 1.496783441509618451e-01 1.331452357518838059e-01 1.067939206474613906e-01
5.534474216019691882e-03 5.808183426693162323e-03 1.214335228381397541e-03 1.541543372098443387e-01 1.389425006358457892e-01 9.920592259819548120e-02
3.257380647841472132e-03 3.216795971709726729e-03 8.165198228278284761e-04 1.676591870824870045e-01 1.351039009238871325e-01 1.146522193335099277e-01
3.179352813288711423e-03 3.215721590487043320e-03 8.200509672042051923e-04 1.550549688316971986e-01 1.301398680314049261e-01 1.116838196490986534e-01
1.590230146653666627e-03 1.535157840793045314e-03 9.645024814628513606e-04 1.516026066598312461e-01 1.291229079811376523e-01 1.068545106684729296e-01
4.032288662964081394e-03 3.598699865944774996e-03 1.018719005830290856e-03 1.526442689162890720e-01 1.325153379615351956e-01 1.070302349332182545e-01
4.507376797359445401e-03 4.284673769637267239e-03 8.194122742763996006e-04 1.347931432068914526e-01 1.237213310574299951e-01 9.652789077290477304e-02
2.341932811454414641e-03 2.848450002343635903e-03 1.254693665929066965e-03 1.585557102463119594e-01 1.353580370783105113e-01 1.120081194807424074e-01
4.671638232753659754e-03 4.772825945700502788e-03 1.414862192606497612e-03 1.475140064172978105e-01 1.316911599775283659e-01 1.064037565244857347e-01
4.907910174045491264e-03 4.491988415909384767e-03 2.083298427466530409e-03 1.500124189351057791e-01 1.336680621535644431e-01 9.954498722280755163e-02
2.669453760685760058e-03 2.322900612455092422e-03 1.198665105241199019e-03 1.517296457427204648e-01 1.436989079831120508e-01 9.336187965129895405e-02
4.779856914345105567e-03 4.847536594617899569e-03 1.241589147314344508e-03 1.635554591939140379e-01 1.404151749693628715e-01 1.066918833645524867e-01
