6.189244062255724182e-02 3.979812343152158011e-02 5.715220512557914884e-02 2.170396964477254997e-01 1.513620577251732491e-01 1.703064584675622051e-01
2.804092161898954355e-02 3.764517737011394832e-02 5.442772010040222708e-02 1.976678557677119530e-01 1.599830196965285611e-01 1.692461441819954338e-01
4.240924018101049908e-02 3.851286023481798049e-02 4.684315674541917468e-02 2.090538013178818155e-01 1.577126752219925321e-01 1.671733305982208706e-01
2.755414099362426400e-02 3.931650519586802478e-02 1.182200071052433993e-01 1.867535744265115538e-01 1.646686803517819764e-01 1.809563030073034484e-01
2.784832604659251767e-02 4.137517987203041120e-02 1.143254056876378266e-01 1.985612980553054241e-01 1.646808455631496859e-01 1.853247798003640756e-01
3.158473159685073334e-02 4.114699117693371155e-02 5.800119928840045264e-02 2.002499934738779241e-01 1.550377726989359273e-01 1.736030251840703920e-01
5.062628118181708436e-02 3.799691829928752984e-02 4.937854165646971688e-02 2.056661986136461839e-01 1.482197129340242503e-01 1.736666088057076673e-01
3.008859854015810339e-02 3.911091464147757601e-02 1.159348829059913266e-01 2.003704050488099020e-01 1.633876883070939090e-01 1.851769590555681078e-01
3.028281987868518960e-02 4.167066212422543270e-02 5.700957862206575133e-02 1.980277308578694273e-01 1.641887764105005587e-01 1.791133174931817951e-01
3.028832770381256756e-02 3.851054919778032493e-02 5.488408318828577603e-02 2.087412421739498480e-01 1.519379908830991166e-01 1.826113292864252058e-01
2.904299558563481695e-02 3.922056471761072027e-02 1.356469276501037213e-01 1.967917277463019365e-01 1.569237505395515153e-01 1.882642328562639522e-01
3.670619029371550990e-02 4.096834430998634591e-02 1.369087353509762239e-01 2.036257012532387001e-01 1.543568525099273392e-01 1.930174432992927958e-01
2.782981190217136483e-02 3.920100176377162154e-02 5.545337899115591884e-02 1.860097473304954396e-01 1.428004140500603036e-01 1.791637982640743587e-01
3.002649926888917298e-02 4.124911683769039855e-02 6.129962773274200832e-02 2.006453513651577092e-01 1.473324967389821882e-01 1.655760526088672913e-01
2.853979346323969740e-02 3.966971580151313487e-02 5.597678514289856910e-02 1.975146573837332220e-01 1.558078706234349020e-01 1.711854833665872044e-01
5.125320075323743646e-02 3.952063300873294438e-02 5.195761382486199093e-02 2.437776910116125906e-01 1.910595442840971603e-01 1.897165320870358440e-01
3.594418715218605787e-02 4.034086758566105685e-02 5.911234196572713595e-02 2.132750811361661669e-01 1.750500319205876287e-01 1.903699884830537536e-01
5.828263986721581719e-02 3.985670643506265820e-02 5.242532080408102840e-02 2.347933246572548871e-01 1.563176611672073280e-01 1.741765641843318335e-01
3.014350560040940027e-02 4.142059841170687984e-02 5.734368687629676914e-02 2.022073425193336438e-01 1.527075157844274833e-01 1.693971992731873599e-01
6.967732170578548601e-02 4.214632777203449615e-02 6.135160842509096435e-02 2.010792062551873538e-01 1.538119287006154134e-01 1.702312680869942640e-01
